0 0
1 1
2 2
3 3
4 4
5 5
6 6
7 7
8 8
9 9
10 10
11 11
12 10
13 11
14 11
15 11
16 12
17 13
18 12
19 12
20 11
21 11
22 12
23 13
24 12
25 13
26 14
27 14
28 13
29 13
30 12
31 13
32 13
33 14
34 14
35 13
36 12
37 13
38 13
39 12
40 13
41 14
42 13
43 14
44 14
45 13
46 14
47 14
48 13
49 14
50 14
51 14
52 13
53 14
54 14
55 13
56 14
57 14
58 15
59 15
60 14
61 15
62 15
63 14
64 15
65 14
66 13
67 14
68 14
69 14
70 14
71 15
72 15
73 16
74 15
75 14
76 15
77 15
78 14
79 15
80 14
81 15
82 15
83 14
84 13
85 14
86 15
87 15
88 14
89 15
90 16
91 15
92 15
93 15
94 16
95 15
96 15
97 16
98 16
99 15
100 14
101 15
102 15
103 16
104 15
105 15
106 16
107 17
108 16
109 17
110 16
111 15
112 16
113 16
114 15
115 16
116 15
117 15
118 16
119 15
120 14
121 15
122 16
123 15
124 16
125 16
126 16
127 17
128 16
129 15
130 15
131 16
132 15
133 16
134 17
135 16
136 16
137 17
138 16
139 17
140 16
141 17
142 17
143 16
144 15
145 14
146 15
147 15
148 14
149 15
150 15
151 16
152 15
153 16
154 15
155 14
156 15
157 16
158 17
159 16
160 15
161 16
162 17
163 16
164 15
165 16
166 17
167 17
168 16
169 16
170 15
171 16
172 17
173 17
174 16
175 16
176 17
177 17
178 17
179 16
180 15
181 16
182 17
183 17
184 17
185 16
186 17
187 18
188 18
189 17
190 17
191 17
192 16
193 17
194 17
195 16
196 16
197 17
198 16
199 17
200 16
201 15
202 16
203 17
204 16
205 16
206 17
207 17
208 16
209 17
210 16
211 16
212 15
213 16
214 17
215 17
216 16
217 17
218 18
219 17
220 17
221 17
222 16
223 17
224 17
225 16
226 17
227 17
228 16
229 16
230 15
231 16
232 17
233 18
234 17
235 16
236 17
237 17
238 18
239 18
240 17
241 18
242 19
243 18
244 17
245 16
246 15
247 16
248 17
249 18
250 17
251 17
252 16
253 17
254 17
255 16
256 17
257 16
258 15
259 16
260 17
261 18
262 18
263 17
264 16
265 17
266 18
267 18
268 17
269 16
270 15
271 16
272 17
273 18
274 17
275 16
276 16
277 17
278 17
279 16
280 15
281 16
282 16
283 17
284 17
285 16
286 17
287 18
288 17
289 18
290 17
291 18
292 17
293 17
294 16
295 16
296 17
297 18
298 19
299 18
300 17
301 18
302 19
303 18
304 17
305 16
306 17
307 18
308 18
309 18
310 17
311 18
312 19
313 20
314 19
315 18
316 19
317 18
318 17
319 18
320 17
321 18
322 18
323 17
324 16
325 17
326 18
327 18
328 17
329 18
330 17
331 18
332 18
333 18
334 18
335 17
336 16
337 17
338 17
339 16
340 15
341 16
342 17
343 17
344 16
345 17
346 18
347 18
348 17
349 18
350 17
351 18
352 17
353 18
354 17
355 16
356 16
357 17
358 18
359 18
360 17
361 18
362 17
363 16
364 17
365 18
366 17
367 18
368 18
369 18
370 17
371 18
372 17
373 18
374 19
375 18
376 18
377 18
378 17
379 18
380 17
381 18
382 19
383 18
384 17
385 16
386 17
387 18
388 17
389 18
390 17
391 18
392 17
393 18
394 17
395 16
396 17
397 18
398 17
399 16
400 17
401 17
402 16
403 17
404 16
405 16
406 17
407 18
408 17
409 18
410 17
411 18
412 18
413 18
414 18
415 18
416 18
417 18
418 19
419 18
420 17
421 18
422 19
423 19
424 18
425 18
426 17
427 18
428 19
429 18
430 17
431 18
432 18
433 18
434 17
435 18
436 18
437 18
438 17
439 18
440 19
441 18
442 19
443 18
444 17
445 18
446 19
447 18
448 17
449 18
450 19
451 19
452 18
453 18
454 19
455 18
456 19
457 20
458 20
459 19
460 18
461 17
462 16
463 17
464 18
465 19
466 19
467 18
468 17
469 18
470 19
471 18
472 18
473 17
474 16
475 17
476 18
477 19
478 19
479 18
480 17
481 18
482 19
483 18
484 18
485 18
486 18
487 19
488 19
489 20
490 19
491 20
492 19
493 20
494 19
495 18
496 19
497 18
498 17
499 18
500 19
501 20
502 20
503 19
504 18
505 18
506 19
507 20
508 19
509 18
510 17
511 18
512 19
513 20
514 20
515 19
516 18
517 19
518 19
519 18
520 17
521 18
522 19
523 20
524 19
525 18
526 19
527 19
528 18
529 18
530 17
531 18
532 17
533 18
534 18
535 18
536 18
537 19
538 20
539 20
540 19
541 20
542 21
543 20
544 19
545 18
546 18
547 19
548 18
549 19
550 19
551 20
552 19
553 20
554 19
555 18
556 19
557 20
558 20
559 19
560 18
561 19
562 20
563 20
564 19
565 20
566 19
567 18
568 17
569 18
570 19
571 20
572 21
573 20
574 20
575 19
576 18
577 19
578 19
579 18
580 17
581 18
582 19
583 18
584 17
585 18
586 19
587 20
588 19
589 20
590 19
591 18
592 17
593 18
594 18
595 17
596 16
597 17
598 18
599 18
600 17
601 18
602 19
603 18
604 18
605 18
606 17
607 18
608 18
609 18
610 19
611 18
612 17
613 18
614 19
615 18
616 18
617 18
618 17
619 18
620 19
621 20
622 20
623 19
624 18
625 19
626 20
627 19
628 18
629 19
630 18
631 19
632 18
633 18
634 19
635 19
636 19
637 18
638 19
639 20
640 19
641 19
642 18
643 18
644 17
645 17
646 18
647 19
648 18
649 19
650 18
651 18
652 19
653 19
654 18
655 17
656 18
657 19
658 19
659 18
660 17
661 18
662 19
663 19
664 18
665 19
666 20
667 20
668 19
669 19
670 18
671 19
672 19
673 20
674 20
675 19
676 18
677 18
678 17
679 18
680 18
681 19
682 20
683 19
684 18
685 19
686 19
687 18
688 19
689 18
690 17
691 18
692 19
693 18
694 19
695 19
696 18
697 19
698 20
699 20
700 19
701 20
702 19
703 20
704 20
705 19
706 20
707 20
708 19
709 20
710 20
711 20
712 19
713 19
714 18
715 19
716 20
717 20
718 21
719 20
720 19
721 18
722 19
723 19
724 18
725 17
726 18
727 18
728 17
729 17
730 16
731 17
732 18
733 19
734 18
735 17
736 18
737 19
738 19
739 19
740 18
741 18
742 17
743 18
744 18
745 17
746 18
747 19
748 19
749 18
750 18
751 19
752 20
753 19
754 18
755 17
756 18
757 19
758 20
759 19
760 18
761 19
762 19
763 20
764 20
765 19
766 20
767 19
768 18
769 17
770 16
771 17
772 18
773 19
774 18
775 17
776 18
777 18
778 18
779 17
780 16
781 17
782 18
783 19
784 18
785 17
786 18
787 19
788 18
789 19
790 18
791 18
792 19
793 19
794 18
795 17
796 18
797 19
798 19
799 19
800 18
801 18
802 19
803 19
804 18
805 17
806 18
807 19
808 20
809 19
810 18
811 19
812 20
813 21
814 20
815 19
816 20
817 20
818 19
819 18
820 18
821 19
822 20
823 21
824 20
825 19
826 19
827 20
828 19
829 19
830 18
831 19
832 19
833 19
834 18
835 19
836 18
837 19
838 20
839 20
840 19
841 20
842 21
843 21
844 20
845 19
846 20
847 19
848 18
849 19
850 18
851 18
852 17
853 18
854 18
855 17
856 18
857 19
858 19
859 19
860 18
861 19
862 20
863 20
864 19
865 19
866 20
867 19
868 18
869 19
870 18
871 19
872 19
873 20
874 20
875 19
876 20
877 21
878 20
879 19
880 18
881 19
882 19
883 20
884 19
885 19
886 20
887 21
888 20
889 20
890 20
891 20
892 20
893 19
894 18
895 17
896 18
897 19
898 20
899 19
900 18
901 19
902 20
903 19
904 18
905 17
906 18
907 19
908 20
909 19
910 18
911 19
912 19
913 20
914 20
915 19
916 18
917 19
918 20
919 19
920 18
921 19
922 20
923 21
924 20
925 19
926 20
927 21
928 20
929 19
930 18
931 19
932 19
933 20
934 20
935 19
936 20
937 20
938 19
939 20
940 20
941 20
942 19
943 20
944 20
945 19
946 20
947 21
948 20
949 21
950 20
951 21
952 20
953 21
954 20
955 19
956 20
957 21
958 21
959 20
960 19
961 20
962 21
963 20
964 20
965 21
966 20
967 19
968 18
969 19
970 20
971 21
972 21
973 20
974 20
975 19
976 19
977 20
978 20
979 19
980 18
981 19
982 20
983 21
984 20
985 19
986 19
987 18
988 19
989 20
990 20
991 21
992 21
993 20
994 19
995 19
996 20
997 21
998 22
999 21
1000 20
1001 20
1002 20
1003 21
1004 20
1005 19
1006 20
1007 21
1008 20
1009 21
1010 20
1011 19
1012 20
1013 21
1014 20
1015 20
1016 19
1017 20
1018 20
1019 19
1020 18
1021 19
1022 19
1023 20
1024 20
1025 19
1026 20
1027 21
1028 20
1029 19
1030 18
1031 19
1032 19
1033 20
1034 20
1035 19
1036 19
1037 20
1038 20
1039 21
1040 20
1041 21
1042 21
1043 20
1044 19
1045 19
1046 20
1047 21
1048 20
1049 20
1050 19
1051 20
1052 21
1053 21
1054 20
1055 19
1056 20
1057 21
1058 22
1059 21
1060 20
1061 21
1062 20
1063 20
1064 19
1065 19
1066 20
1067 21
1068 20
1069 20
1070 19
1071 18
1072 19
1073 20
1074 20
1075 21
1076 21
1077 20
1078 19
1079 19
1080 18
1081 19
1082 20
1083 19
1084 19
1085 18
1086 19
1087 20
1088 19
1089 19
1090 19
1091 19
1092 18
1093 19
1094 20
1095 19
1096 18
1097 19
1098 20
1099 20
1100 20
1101 19
1102 20
1103 20
1104 19
1105 19
1106 20
1107 19
1108 18
1109 19
1110 19
1111 20
1112 19
1113 20
1114 21
1115 21
1116 20
1117 21
1118 20
1119 19
1120 19
1121 20
1122 19
1123 20
1124 19
1125 19
1126 20
1127 20
1128 20
1129 19
1130 18
1131 19
1132 20
1133 20
1134 19
1135 19
1136 20
1137 21
1138 22
1139 21
1140 20
1141 20
1142 20
1143 19
1144 18
1145 17
1146 18
1147 19
1148 20
1149 19
1150 18
1151 19
1152 20
1153 19
1154 18
1155 17
1156 18
1157 19
1158 20
1159 19
1160 18
1161 19
1162 20
1163 21
1164 20
1165 19
1166 20
1167 21
1168 20
1169 19
1170 18
1171 19
1172 19
1173 19
1174 20
1175 19
1176 20
1177 21
1178 20
1179 19
1180 18
1181 19
1182 20
1183 20
1184 20
1185 19
1186 20
1187 21
1188 20
1189 21
1190 20
1191 21
1192 21
1193 21
1194 20
1195 19
1196 20
1197 21
1198 22
1199 21
1200 20
1201 21
1202 22
1203 21
1204 20
1205 19
1206 20
1207 21
1208 20
1209 21
1210 20
1211 21
1212 22
1213 23
1214 22
1215 21
1216 21
1217 22
1218 21
1219 21
1220 20
1221 21
1222 22
1223 21
1224 20
1225 19
1226 20
1227 21
1228 20
1229 19
1230 18
1231 19
1232 20
1233 21
1234 20
1235 19
1236 20
1237 21
1238 22
1239 21
1240 20
1241 21
1242 22
1243 21
1244 20
1245 19
1246 20
1247 21
1248 22
1249 21
1250 20
1251 21
1252 21
1253 21
1254 20
1255 19
1256 20
1257 21
1258 22
1259 21
1260 20
1261 21
1262 22
1263 21
1264 22
1265 21
1266 22
1267 21
1268 20
1269 19
1270 18
1271 19
1272 20
1273 21
1274 20
1275 19
1276 20
1277 21
1278 20
1279 19
1280 18
1281 19
1282 20
1283 20
1284 19
1285 19
1286 20
1287 21
1288 20
1289 21
1290 20
1291 21
1292 21
1293 21
1294 20
1295 19
1296 19
1297 20
1298 20
1299 19
1300 18
1301 19
1302 19
1303 20
1304 19
1305 19
1306 20
1307 21
1308 20
1309 21
1310 20
1311 21
1312 20
1313 21
1314 21
1315 20
1316 19
1317 20
1318 21
1319 21
1320 20
1321 21
1322 21
1323 20
1324 20
1325 19
1326 18
1327 19
1328 20
1329 20
1330 19
1331 20
1332 19
1333 20
1334 20
1335 19
1336 20
1337 19
1338 18
1339 19
1340 20
1341 21
1342 21
1343 20
1344 19
1345 20
1346 20
1347 19
1348 18
1349 19
1350 18
1351 19
1352 19
1353 19
1354 18
1355 17
1356 18
1357 19
1358 20
1359 19
1360 18
1361 19
1362 19
1363 18
1364 17
1365 18
1366 19
1367 19
1368 18
1369 19
1370 18
1371 19
1372 19
1373 20
1374 19
1375 19
1376 19
1377 20
1378 20
1379 19
1380 18
1381 19
1382 20
1383 20
1384 19
1385 19
1386 19
1387 20
1388 20
1389 21
1390 20
1391 21
1392 20
1393 19
1394 18
1395 17
1396 18
1397 19
1398 20
1399 19
1400 18
1401 19
1402 20
1403 19
1404 18
1405 17
1406 18
1407 19
1408 20
1409 19
1410 18
1411 19
1412 19
1413 20
1414 19
1415 19
1416 20
1417 21
1418 20
1419 19
1420 18
1421 19
1422 20
1423 20
1424 19
1425 19
1426 20
1427 19
1428 18
1429 19
1430 18
1431 19
1432 19
1433 20
1434 20
1435 19
1436 20
1437 21
1438 22
1439 21
1440 20
1441 20
1442 21
1443 20
1444 19
1445 19
1446 20
1447 21
1448 20
1449 20
1450 20
1451 21
1452 21
1453 21
1454 20
1455 19
1456 20
1457 21
1458 21
1459 21
1460 20
1461 21
1462 21
1463 20
1464 21
1465 21
1466 21
1467 20
1468 21
1469 21
1470 20
1471 21
1472 20
1473 21
1474 20
1475 19
1476 18
1477 19
1478 20
1479 19
1480 18
1481 18
1482 17
1483 18
1484 19
1485 19
1486 20
1487 19
1488 18
1489 19
1490 20
1491 20
1492 19
1493 20
1494 19
1495 19
1496 20
1497 21
1498 22
1499 21
1500 20
1501 21
1502 22
1503 21
1504 20
1505 19
1506 18
1507 19
1508 20
1509 21
1510 20
1511 20
1512 19
1513 20
1514 21
1515 21
1516 20
1517 19
1518 18
1519 19
1520 18
1521 19
1522 20
1523 20
1524 19
1525 19
1526 20
1527 21
1528 20
1529 19
1530 18
1531 19
1532 20
1533 21
1534 20
1535 19
1536 20
1537 21
1538 21
1539 20
1540 19
1541 18
1542 17
1543 18
1544 19
1545 19
1546 20
1547 19
1548 18
1549 19
1550 20
1551 20
1552 19
1553 18
1554 17
1555 18
1556 19
1557 20
1558 20
1559 19
1560 18
1561 19
1562 20
1563 21
1564 21
1565 20
1566 19
1567 20
1568 21
1569 21
1570 20
1571 21
1572 20
1573 21
1574 22
1575 21
1576 20
1577 19
1578 18
1579 19
1580 20
1581 21
1582 21
1583 20
1584 19
1585 20
1586 21
1587 21
1588 20
1589 19
1590 18
1591 19
1592 19
1593 20
1594 21
1595 20
1596 19
1597 20
1598 21
1599 21
1600 20
1601 21
1602 20
1603 20
1604 19
1605 19
1606 20
1607 20
1608 19
1609 20
1610 20
1611 20
1612 21
1613 20
1614 19
1615 20
1616 19
1617 20
1618 20
1619 19
1620 18
1621 19
1622 20
1623 20
1624 19
1625 20
1626 19
1627 20
1628 20
1629 20
1630 20
1631 21
1632 20
1633 21
1634 21
1635 20
1636 19
1637 20
1638 21
1639 21
1640 20
1641 21
1642 22
1643 21
1644 20
1645 19
1646 20
1647 21
1648 21
1649 21
1650 20
1651 21
1652 20
1653 21
1654 20
1655 19
1656 20
1657 21
1658 22
1659 21
1660 20
1661 21
1662 20
1663 21
1664 21
1665 21
1666 21
1667 21
1668 20
1669 21
1670 20
1671 21
1672 20
1673 20
1674 21
1675 21
1676 22
1677 23
1678 22
1679 21
1680 20
1681 21
1682 21
1683 20
1684 19
1685 20
1686 21
1687 21
1688 20
1689 21
1690 21
1691 20
1692 19
1693 20
1694 21
1695 21
1696 20
1697 19
1698 18
1699 19
1700 20
1701 21
1702 21
1703 20
1704 19
1705 20
1706 21
1707 22
1708 21
1709 21
1710 20
1711 21
1712 22
1713 21
1714 22
1715 22
1716 21
1717 22
1718 23
1719 22
1720 21
1721 20
1722 19
1723 20
1724 21
1725 21
1726 22
1727 21
1728 20
1729 21
1730 20
1731 21
1732 21
1733 20
1734 19
1735 20
1736 21
1737 21
1738 22
1739 21
1740 20
1741 21
1742 22
1743 21
1744 21
1745 21
1746 21
1747 21
1748 20
1749 21
1750 20
1751 21
1752 21
1753 21
1754 20
1755 19
1756 20
1757 19
1758 18
1759 19
1760 20
1761 21
1762 21
1763 20
1764 19
1765 20
1766 21
1767 21
1768 20
1769 19
1770 18
1771 19
1772 20
1773 21
1774 20
1775 19
1776 19
1777 20
1778 20
1779 19
1780 18
1781 19
1782 20
1783 21
1784 20
1785 19
1786 20
1787 21
1788 21
1789 21
1790 20
1791 21
1792 21
1793 20
1794 19
1795 19
1796 20
1797 21
1798 22
1799 21
1800 20
1801 21
1802 22
1803 21
1804 20
1805 19
1806 19
1807 20
1808 21
1809 21
1810 20
1811 21
1812 20
1813 21
1814 22
1815 21
1816 21
1817 21
1818 20
1819 21
1820 20
1821 19
1822 20
1823 21
1824 20
1825 21
1826 22
1827 21
1828 21
1829 21
1830 20
1831 21
1832 22
1833 21
1834 22
1835 21
1836 21
1837 22
1838 22
1839 21
1840 22
1841 21
1842 20
1843 21
1844 22
1845 21
1846 22
1847 21
1848 20
1849 21
1850 20
1851 21
1852 22
1853 21
1854 20
1855 19
1856 20
1857 21
1858 22
1859 21
1860 20
1861 21
1862 22
1863 22
1864 21
1865 21
1866 21
1867 22
1868 22
1869 21
1870 20
1871 21
1872 20
1873 21
1874 21
1875 20
1876 19
1877 20
1878 21
1879 21
1880 20
1881 21
1882 22
1883 22
1884 21
1885 21
1886 22
1887 22
1888 21
1889 22
1890 22
1891 21
1892 20
1893 21
1894 20
1895 19
1896 20
1897 21
1898 22
1899 21
1900 20
1901 21
1902 20
1903 21
1904 20
1905 19
1906 20
1907 21
1908 20
1909 21
1910 20
1911 21
1912 21
1913 20
1914 19
1915 20
1916 21
1917 22
1918 22
1919 21
1920 20
1921 21
1922 22
1923 22
1924 21
1925 21
1926 21
1927 22
1928 21
1929 21
1930 20
1931 21
1932 22
1933 23
1934 22
1935 21
1936 21
1937 21
1938 20
1939 21
1940 20
1941 21
1942 22
1943 22
1944 21
1945 21
1946 22
1947 23
1948 22
1949 21
1950 20
1951 21
1952 22
1953 22
1954 22
1955 21
1956 21
1957 22
1958 23
1959 23
1960 22
1961 23
1962 22
1963 23
1964 23
1965 23
1966 23
1967 22
1968 23
1969 23
1970 22
1971 22
1972 21
1973 20
1974 19
1975 19
1976 20
1977 21
1978 20
1979 19
1980 18
1981 19
1982 20
1983 21
1984 20
1985 19
1986 19
1987 20
1988 21
1989 21
1990 20
1991 21
1992 20
1993 21
1994 20
1995 19
1996 20
1997 21
1998 21
1999 21
2000 20
2001 21
2002 22
2003 21
2004 20
2005 19
2006 20
2007 21
2008 22
2009 21
2010 20
2011 21
2012 22
2013 23
2014 22
2015 21
2016 21
2017 21
2018 20
2019 19
2020 18
2021 19
2022 20
2023 21
2024 20
2025 19
2026 20
2027 21
2028 20
2029 19
2030 18
2031 19
2032 20
2033 21
2034 20
2035 19
2036 20
2037 21
2038 22
2039 21
2040 20
2041 21
2042 22
2043 21
2044 20
2045 19
2046 20
2047 21
2048 22
2049 21
2050 20
2051 21
2052 21
2053 21
2054 20
2055 19
2056 20
2057 21
2058 21
2059 21
2060 20
2061 21
2062 22
2063 21
2064 20
2065 21
2066 22
2067 21
2068 20
2069 21
2070 20
2071 21
2072 21
2073 21
2074 22
2075 21
2076 22
2077 23
2078 22
2079 21
2080 20
2081 21
2082 22
2083 22
2084 21
2085 21
2086 22
2087 23
2088 22
2089 21
2090 20
2091 21
2092 22
2093 22
2094 22
2095 21
2096 21
2097 22
2098 22
2099 21
2100 20
2101 21
2102 22
2103 21
2104 20
2105 19
2106 20
2107 21
2108 22
2109 21
2110 20
2111 21
2112 21
2113 22
2114 21
2115 20
2116 20
2117 21
2118 22
2119 21
2120 20
2121 21
2122 22
2123 22
2124 21
2125 21
2126 22
2127 21
2128 20
2129 21
2130 20
2131 20
2132 19
2133 20
2134 21
2135 21
2136 20
2137 21
2138 22
2139 22
2140 21
2141 22
2142 22
2143 21
2144 20
2145 19
2146 20
2147 21
2148 20
2149 21
2150 20
2151 21
2152 21
2153 21
2154 20
2155 19
2156 20
2157 21
2158 22
2159 21
2160 20
2161 21
2162 22
2163 22
2164 21
2165 21
2166 21
2167 22
2168 21
2169 21
2170 20
2171 21
2172 22
2173 23
2174 22
2175 21
2176 22
2177 22
2178 21
2179 21
2180 20
2181 21
2182 22
2183 22
2184 21
2185 21
2186 22
2187 22
2188 22
2189 21
2190 20
2191 21
2192 21
2193 22
2194 22
2195 21
2196 20
2197 21
2198 22
2199 22
2200 21
2201 21
2202 20
2203 21
2204 22
2205 21
2206 22
2207 22
2208 21
2209 22
2210 21
2211 22
2212 21
2213 22
2214 22
2215 23
2216 22
2217 23
2218 24
2219 23
2220 22
2221 23
2222 24
2223 23
2224 22
2225 21
2226 21
2227 22
2228 22
2229 21
2230 20
2231 21
2232 22
2233 23
2234 22
2235 21
2236 22
2237 22
2238 21
2239 22
2240 22
2241 22
2242 23
2243 23
2244 22
2245 21
2246 22
2247 23
2248 22
2249 22
2250 21
2251 22
2252 23
2253 23
2254 22
2255 21
2256 22
2257 22
2258 21
2259 20
2260 21
2261 22
2262 22
2263 23
2264 22
2265 23
2266 23
2267 22
2268 21
2269 21
2270 20
2271 21
2272 22
2273 23
2274 22
2275 21
2276 21
2277 20
2278 21
2279 21
2280 20
2281 21
2282 22
2283 23
2284 22
2285 21
2286 21
2287 22
2288 23
2289 23
2290 22
2291 23
2292 23
2293 23
2294 22
2295 21
2296 22
2297 23
2298 23
2299 23
2300 22
2301 23
2302 23
2303 22
2304 21
2305 21
2306 22
2307 21
2308 20
2309 21
2310 22
2311 22
2312 21
2313 22
2314 23
2315 23
2316 22
2317 23
2318 22
2319 21
2320 20
2321 21
2322 21
2323 20
2324 19
2325 20
2326 21
2327 21
2328 20
2329 21
2330 22
2331 22
2332 21
2333 22
2334 23
2335 22
2336 21
2337 22
2338 22
2339 21
2340 20
2341 21
2342 22
2343 22
2344 21
2345 22
2346 21
2347 22
2348 22
2349 22
2350 22
2351 23
2352 22
2353 22
2354 22
2355 21
2356 21
2357 22
2358 21
2359 22
2360 22
2361 23
2362 24
2363 24
2364 23
2365 23
2366 22
2367 21
2368 20
2369 21
2370 21
2371 20
2372 19
2373 20
2374 21
2375 21
2376 20
2377 21
2378 22
2379 21
2380 20
2381 20
2382 19
2383 20
2384 19
2385 20
2386 20
2387 19
2388 18
2389 19
2390 20
2391 20
2392 19
2393 20
2394 20
2395 19
2396 20
2397 21
2398 22
2399 21
2400 20
2401 21
2402 21
2403 20
2404 19
2405 19
2406 18
2407 19
2408 20
2409 21
2410 20
2411 20
2412 19
2413 20
2414 21
2415 21
2416 20
2417 19
2418 18
2419 19
2420 20
2421 21
2422 21
2423 20
2424 19
2425 20
2426 21
2427 22
2428 22
2429 21
2430 20
2431 21
2432 21
2433 22
2434 22
2435 21
2436 20
2437 21
2438 22
2439 22
2440 21
2441 20
2442 19
2443 19
2444 20
2445 21
2446 22
2447 21
2448 20
2449 21
2450 20
2451 20
2452 19
2453 20
2454 19
2455 20
2456 20
2457 19
2458 20
2459 21
2460 20
2461 21
2462 22
2463 21
2464 20
2465 21
2466 21
2467 21
2468 20
2469 21
2470 22
2471 21
2472 21
2473 22
2474 22
2475 21
2476 22
2477 21
2478 20
2479 21
2480 20
2481 21
2482 22
2483 22
2484 21
2485 21
2486 22
2487 23
2488 22
2489 21
2490 20
2491 21
2492 20
2493 21
2494 22
2495 21
2496 21
2497 22
2498 22
2499 21
2500 21
2501 22
2502 22
2503 22
2504 21
2505 21
2506 20
2507 21
2508 22
2509 23
2510 22
2511 22
2512 21
2513 21
2514 21
2515 21
2516 20
2517 21
2518 22
2519 21
2520 20
2521 21
2522 22
2523 22
2524 22
2525 21
2526 21
2527 22
2528 22
2529 21
2530 20
2531 21
2532 21
2533 22
2534 22
2535 21
2536 22
2537 23
2538 23
2539 23
2540 22
2541 21
2542 22
2543 23
2544 22
2545 21
2546 22
2547 22
2548 22
2549 22
2550 21
2551 22
2552 21
2553 22
2554 22
2555 21
2556 20
2557 21
2558 22
2559 22
2560 21
2561 20
2562 19
2563 20
2564 21
2565 22
2566 22
2567 21
2568 20
2569 21
2570 22
2571 23
2572 23
2573 22
2574 21
2575 22
2576 21
2577 22
2578 22
2579 21
2580 20
2581 21
2582 22
2583 22
2584 21
2585 21
2586 20
2587 21
2588 22
2589 23
2590 22
2591 22
2592 21
2593 22
2594 23
2595 22
2596 21
2597 21
2598 20
2599 21
2600 20
2601 21
2602 22
2603 21
2604 20
2605 19
2606 20
2607 21
2608 22
2609 21
2610 20
2611 21
2612 22
2613 23
2614 22
2615 21
2616 21
2617 22
2618 22
2619 21
2620 20
2621 20
2622 19
2623 20
2624 21
2625 21
2626 22
2627 21
2628 20
2629 21
2630 20
2631 21
2632 21
2633 20
2634 19
2635 20
2636 21
2637 22
2638 22
2639 21
2640 20
2641 21
2642 21
2643 20
2644 19
2645 19
2646 20
2647 21
2648 20
2649 21
2650 20
2651 21
2652 20
2653 19
2654 20
2655 19
2656 20
2657 21
2658 20
2659 21
2660 20
2661 21
2662 22
2663 22
2664 21
2665 21
2666 22
2667 21
2668 22
2669 21
2670 20
2671 21
2672 22
2673 22
2674 22
2675 21
2676 21
2677 22
2678 22
2679 21
2680 20
2681 21
2682 22
2683 23
2684 22
2685 21
2686 22
2687 21
2688 20
2689 21
2690 22
2691 22
2692 21
2693 21
2694 20
2695 19
2696 20
2697 21
2698 22
2699 21
2700 20
2701 19
2702 18
2703 19
2704 20
2705 21
2706 21
2707 21
2708 20
2709 19
2710 20
2711 21
2712 21
2713 22
2714 22
2715 21
2716 20
2717 21
2718 22
2719 23
2720 22
2721 23
2722 22
2723 21
2724 21
2725 21
2726 22
2727 23
2728 22
2729 21
2730 20
2731 21
2732 22
2733 23
2734 22
2735 21
2736 20
2737 19
2738 20
2739 21
2740 22
2741 23
2742 22
2743 21
2744 20
2745 21
2746 22
2747 23
2748 22
2749 21
2750 20
2751 19
2752 20
2753 21
2754 22
2755 21
2756 22
2757 21
2758 20
2759 21
2760 22
2761 22
2762 23
2763 22
2764 22
2765 21
2766 22
2767 23
2768 22
2769 21
2770 20
2771 20
2772 19
2773 20
2774 21
2775 21
2776 20
2777 19
2778 18
2779 19
2780 20
2781 21
2782 21
2783 20
2784 19
2785 19
2786 18
2787 19
2788 20
2789 21
2790 20
2791 21
2792 20
2793 19
2794 20
2795 21
2796 21
2797 21
2798 20
2799 19
2800 18
2801 19
2802 19
2803 20
2804 21
2805 21
2806 20
2807 19
2808 20
2809 21
2810 22
2811 22
2812 21
2813 20
2814 19
2815 20
2816 21
2817 22
2818 22
2819 21
2820 20
2821 21
2822 22
2823 23
2824 23
2825 22
2826 21
2827 21
2828 20
2829 21
2830 22
2831 23
2832 22
2833 21
2834 20
2835 19
2836 20
2837 19
2838 18
2839 19
2840 20
2841 21
2842 20
2843 20
2844 19
2845 20
2846 21
2847 21
2848 20
2849 19
2850 18
2851 19
2852 20
2853 21
2854 21
2855 20
2856 19
2857 20
2858 21
2859 22
2860 22
2861 21
2862 20
2863 21
2864 22
2865 23
2866 23
2867 22
2868 21
2869 22
2870 22
2871 22
2872 21
2873 20
2874 19
2875 20
2876 21
2877 21
2878 22
2879 21
2880 20
2881 21
2882 22
2883 21
2884 20
2885 20
2886 19
2887 20
2888 21
2889 22
2890 22
2891 21
2892 20
2893 21
2894 22
2895 21
2896 21
2897 21
2898 20
2899 21
2900 20
2901 21
2902 22
2903 22
2904 21
2905 21
2906 22
2907 22
2908 22
2909 21
2910 20
2911 21
2912 22
2913 23
2914 23
2915 22
2916 21
2917 22
2918 23
2919 23
2920 22
2921 21
2922 20
2923 21
2924 22
2925 22
2926 22
2927 22
2928 21
2929 22
2930 22
2931 23
2932 22
2933 21
2934 22
2935 23
2936 23
2937 24
2938 24
2939 23
2940 22
2941 23
2942 24
2943 24
2944 23
2945 22
2946 21
2947 21
2948 22
2949 23
2950 24
2951 23
2952 22
2953 23
2954 22
2955 22
2956 23
2957 22
2958 21
2959 22
2960 22
2961 23
2962 23
2963 22
2964 21
2965 22
2966 23
2967 23
2968 22
2969 23
2970 23
2971 24
2972 23
2973 24
2974 24
2975 23
2976 23
2977 24
2978 23
2979 22
2980 22
2981 23
2982 22
2983 23
2984 23
2985 23
2986 22
2987 21
2988 20
2989 21
2990 22
2991 22
2992 21
2993 20
2994 19
2995 20
2996 20
2997 21
2998 22
2999 21
3000 20
3001 21
3002 22
3003 21
3004 22
3005 22
3006 21
3007 22
3008 23
3009 22
3010 22
3011 23
3012 22
3013 23
3014 23
3015 22
3016 22
3017 21
3018 20
3019 21
3020 22
3021 23
3022 23
3023 22
3024 21
3025 22
3026 23
3027 22
3028 22
3029 21
3030 20
3031 21
3032 22
3033 22
3034 23
3035 22
3036 21
3037 21
3038 20
3039 21
3040 22
3041 23
3042 22
3043 21
3044 20
3045 19
3046 20
3047 21
3048 22
3049 23
3050 22
3051 21
3052 20
3053 20
3054 19
3055 20
3056 21
3057 22
3058 22
3059 21
3060 20
3061 21
3062 22
3063 22
3064 21
3065 20
3066 19
3067 20
3068 21
3069 22
3070 22
3071 21
3072 20
3073 21
3074 22
3075 23
3076 22
3077 22
3078 21
3079 21
3080 20
3081 21
3082 22
3083 23
3084 22
3085 23
3086 22
3087 21
3088 22
3089 21
3090 20
3091 21
3092 21
3093 21
3094 20
3095 21
3096 21
3097 22
3098 23
3099 23
3100 22
3101 21
3102 20
3103 21
3104 22
3105 23
3106 23
3107 22
3108 21
3109 22
3110 21
3111 22
3112 23
3113 23
3114 22
3115 23
3116 23
3117 22
3118 23
3119 23
3120 22
3121 21
3122 20
3123 21
3124 22
3125 22
3126 21
3127 21
3128 20
3129 19
3130 20
3131 21
3132 22
3133 23
3134 22
3135 21
3136 20
3137 21
3138 21
3139 22
3140 21
3141 21
3142 20
3143 19
3144 20
3145 20
3146 21
3147 22
3148 22
3149 21
3150 20
3151 21
3152 21
3153 22
3154 21
3155 20
3156 20
3157 21
3158 22
3159 22
3160 21
3161 22
3162 22
3163 23
3164 22
3165 22
3166 23
3167 23
3168 22
3169 22
3170 21
3171 21
3172 21
3173 22
3174 22
3175 22
3176 22
3177 21
3178 20
3179 21
3180 21
3181 22
3182 23
3183 23
3184 22
3185 21
3186 22
3187 23
3188 22
3189 22
3190 22
3191 21
3192 20
3193 21
3194 22
3195 22
3196 23
3197 22
3198 21
3199 21
3200 22
3201 22
3202 23
3203 22
3204 21
3205 22
3206 22
3207 22
3208 22
3209 21
3210 20
3211 21
3212 22
3213 23
3214 23
3215 22
3216 21
3217 22
3218 23
3219 22
3220 21
3221 22
3222 22
3223 22
3224 21
3225 20
3226 21
3227 21
3228 21
3229 20
3230 19
3231 20
3232 21
3233 22
3234 21
3235 20
3236 21
3237 22
3238 23
3239 22
3240 21
3241 21
3242 22
3243 22
3244 21
3245 20
3246 21
3247 22
3248 22
3249 22
3250 21
3251 22
3252 21
3253 22
3254 21
3255 20
3256 21
3257 22
3258 23
3259 22
3260 21
3261 22
3262 23
3263 24
3264 23
3265 22
3266 23
3267 22
3268 21
3269 20
3270 19
3271 20
3272 21
3273 22
3274 21
3275 20
3276 21
3277 22
3278 21
3279 20
3280 19
3281 20
3282 20
3283 21
3284 21
3285 20
3286 21
3287 22
3288 21
3289 22
3290 21
3291 22
3292 23
3293 22
3294 21
3295 20
3296 21
3297 22
3298 23
3299 22
3300 21
3301 22
3302 23
3303 22
3304 21
3305 20
3306 21
3307 22
3308 23
3309 22
3310 21
3311 22
3312 22
3313 23
3314 23
3315 22
3316 23
3317 22
3318 21
3319 22
3320 21
3321 22
3322 23
3323 23
3324 22
3325 22
3326 23
3327 23
3328 22
3329 22
3330 21
3331 22
3332 21
3333 22
3334 23
3335 22
3336 22
3337 23
3338 22
3339 21
3340 22
3341 23
3342 22
3343 22
3344 21
3345 22
3346 22
3347 21
3348 20
3349 21
3350 21
3351 22
3352 21
3353 22
3354 21
3355 20
3356 21
3357 22
3358 23
3359 22
3360 21
3361 22
3362 23
3363 22
3364 21
3365 22
3366 23
3367 23
3368 22
3369 22
3370 21
3371 22
3372 23
3373 23
3374 22
3375 22
3376 23
3377 24
3378 23
3379 22
3380 21
3381 21
3382 22
3383 23
3384 23
3385 22
3386 22
3387 21
3388 20
3389 21
3390 22
3391 22
3392 21
3393 22
3394 21
3395 20
3396 20
3397 21
3398 22
3399 22
3400 21
3401 22
3402 22
3403 22
3404 21
3405 20
3406 21
3407 21
3408 20
3409 21
3410 21
3411 20
3412 19
3413 20
3414 21
3415 21
3416 20
3417 21
3418 22
3419 22
3420 21
3421 22
3422 22
3423 21
3424 21
3425 22
3426 21
3427 21
3428 20
3429 21
3430 21
3431 22
3432 21
3433 22
3434 23
3435 22
3436 22
3437 21
3438 22
3439 23
3440 22
3441 22
3442 23
3443 22
3444 21
3445 22
3446 23
3447 23
3448 22
3449 23
3450 22
3451 23
3452 23
3453 24
3454 23
3455 22
3456 22
3457 23
3458 23
3459 22
3460 21
3461 22
3462 22
3463 23
3464 22
3465 21
3466 22
3467 23
3468 23
3469 23
3470 22
3471 21
3472 20
3473 21
3474 22
3475 21
3476 20
3477 21
3478 22
3479 21
3480 21
3481 22
3482 23
3483 23
3484 22
3485 21
3486 20
3487 21
3488 22
3489 23
3490 23
3491 22
3492 21
3493 21
3494 22
3495 22
3496 22
3497 22
3498 21
3499 22
3500 22
3501 23
3502 24
3503 23
3504 22
3505 22
3506 23
3507 23
3508 22
3509 23
3510 23
3511 24
3512 23
3513 22
3514 22
3515 23
3516 23
3517 24
3518 23
3519 22
3520 21
3521 21
3522 21
3523 22
3524 22
3525 22
3526 23
3527 23
3528 22
3529 22
3530 21
3531 22
3532 23
3533 23
3534 22
3535 21
3536 22
3537 23
3538 23
3539 22
3540 21
3541 22
3542 22
3543 23
3544 22
3545 22
3546 23
3547 24
3548 23
3549 22
3550 23
3551 24
3552 23
3553 24
3554 23
3555 22
3556 22
3557 23
3558 23
3559 24
3560 23
3561 24
3562 24
3563 23
3564 23
3565 24
3566 25
3567 24
3568 24
3569 23
3570 22
3571 23
3572 23
3573 22
3574 23
3575 24
3576 23
3577 23
3578 24
3579 24
3580 23
3581 24
3582 23
3583 23
3584 22
3585 23
3586 24
3587 23
3588 22
3589 23
3590 24
3591 23
3592 23
3593 24
3594 23
3595 24
3596 24
3597 24
3598 24
3599 23
3600 22
3601 23
3602 23
3603 22
3604 21
3605 22
3606 23
3607 23
3608 22
3609 23
3610 23
3611 23
3612 22
3613 23
3614 24
3615 24
3616 23
3617 24
3618 24
3619 23
3620 22
3621 23
3622 23
3623 22
3624 21
3625 20
3626 21
3627 22
3628 21
3629 20
3630 19
3631 20
3632 21
3633 22
3634 21
3635 20
3636 21
3637 22
3638 23
3639 22
3640 21
3641 22
3642 21
3643 20
3644 19
3645 18
3646 19
3647 20
3648 21
3649 20
3650 19
3651 20
3652 21
3653 20
3654 19
3655 18
3656 19
3657 20
3658 21
3659 20
3660 19
3661 20
3662 21
3663 22
3664 21
3665 20
3666 21
3667 21
3668 20
3669 20
3670 19
3671 20
3672 21
3673 22
3674 21
3675 20
3676 21
3677 21
3678 20
3679 20
3680 19
3681 20
3682 21
3683 22
3684 21
3685 20
3686 21
3687 22
3688 22
3689 22
3690 21
3691 22
3692 23
3693 22
3694 21
3695 20
3696 21
3697 22
3698 23
3699 22
3700 21
3701 20
3702 19
3703 20
3704 21
3705 20
3706 21
3707 21
3708 20
3709 21
3710 21
3711 22
3712 21
3713 20
3714 19
3715 20
3716 21
3717 22
3718 22
3719 21
3720 20
3721 21
3722 22
3723 22
3724 21
3725 20
3726 21
3727 22
3728 21
3729 20
3730 19
3731 20
3732 21
3733 22
3734 21
3735 20
3736 21
3737 21
3738 20
3739 21
3740 21
3741 22
3742 23
3743 22
3744 21
3745 20
3746 21
3747 22
3748 22
3749 21
3750 20
3751 21
3752 22
3753 22
3754 21
3755 20
3756 21
3757 22
3758 23
3759 22
3760 21
3761 22
3762 22
3763 23
3764 23
3765 22
3766 22
3767 22
3768 21
3769 20
3770 19
3771 20
3772 21
3773 22
3774 21
3775 20
3776 21
3777 22
3778 21
3779 20
3780 19
3781 20
3782 21
3783 22
3784 21
3785 20
3786 21
3787 22
3788 23
3789 22
3790 21
3791 22
3792 22
3793 22
3794 21
3795 20
3796 21
3797 22
3798 23
3799 22
3800 21
3801 22
3802 23
3803 22
3804 21
3805 20
3806 21
3807 22
3808 22
3809 22
3810 21
3811 22
3812 23
3813 23
3814 22
3815 21
3816 22
3817 23
3818 23
3819 22
3820 21
3821 22
3822 22
3823 23
3824 23
3825 22
3826 23
3827 23
3828 22
3829 21
3830 21
3831 22
3832 23
3833 24
3834 23
3835 22
3836 22
3837 23
3838 24
3839 24
3840 23
3841 24
3842 24
3843 23
3844 23
3845 22
3846 23
3847 22
3848 21
3849 20
3850 19
3851 20
3852 21
3853 20
3854 19
3855 18
3856 19
3857 20
3858 20
3859 20
3860 19
3861 20
3862 21
3863 22
3864 21
3865 20
3866 21
3867 22
3868 21
3869 20
3870 19
3871 20
3872 21
3873 22
3874 21
3875 20
3876 21
3877 22
3878 21
3879 20
3880 19
3881 20
3882 21
3883 22
3884 21
3885 20
3886 21
3887 22
3888 22
3889 22
3890 21
3891 22
3892 21
3893 20
3894 19
3895 18
3896 19
3897 20
3898 21
3899 20
3900 19
3901 20
3902 21
3903 20
3904 19
3905 18
3906 19
3907 20
3908 21
3909 20
3910 19
3911 20
3912 21
3913 22
3914 21
3915 20
3916 21
3917 21
3918 20
3919 20
3920 19
3921 20
3922 21
3923 22
3924 21
3925 20
3926 21
3927 22
3928 21
3929 20
3930 19
3931 20
3932 21
3933 22
3934 21
3935 20
3936 21
3937 22
3938 23
3939 22
3940 21
3941 22
3942 22
3943 22
3944 21
3945 20
3946 21
3947 22
3948 23
3949 22
3950 21
3951 22
3952 23
3953 22
3954 21
3955 20
3956 21
3957 22
3958 23
3959 22
3960 21
3961 22
3962 23
3963 24
3964 23
3965 22
3966 21
3967 22
3968 23
3969 22
3970 21
3971 22
3972 22
3973 22
3974 21
3975 20
3976 21
3977 22
3978 21
3979 20
3980 19
3981 20
3982 21
3983 22
3984 21
3985 20
3986 21
3987 22
3988 22
3989 22
3990 21
3991 22
3992 23
3993 22
3994 21
3995 20
3996 21
3997 22
3998 23
3999 22
4000 21
4001 22
4002 22
4003 22
4004 21
4005 20
4006 21
4007 22
4008 21
4009 22
4010 21
4011 22
4012 23
4013 24
4014 23
4015 22
4016 23
4017 22
4018 21
4019 20
4020 19
4021 20
4022 21
4023 22
4024 21
4025 20
4026 21
4027 22
4028 21
4029 20
4030 19
4031 20
4032 21
4033 22
4034 21
4035 20
4036 21
4037 22
4038 23
4039 22
4040 21
4041 22
4042 23
4043 22
4044 21
4045 20
4046 21
4047 22
4048 23
4049 22
4050 21
4051 22
4052 23
4053 22
4054 21
4055 20
4056 21
4057 22
4058 23
4059 22
4060 21
4061 22
4062 23
4063 24
4064 23
4065 22
4066 22
4067 21
4068 20
4069 21
4070 21
4071 22
4072 21
4073 20
4074 19
4075 20
4076 21
4077 22
4078 22
4079 21
4080 20
4081 21
4082 22
4083 23
4084 23
4085 22
4086 21
4087 22
4088 23
4089 22
4090 22
4091 23
4092 22
4093 23
4094 23
4095 22
4096 22
4097 21
4098 20
4099 21
4100 21
4101 22
4102 23
4103 22
4104 21
4105 20
4106 21
4107 22
4108 22
4109 21
4110 20
4111 21
4112 22
4113 23
4114 23
4115 22
4116 21
4117 22
4118 23
4119 22
4120 21
4121 22
4122 22
4123 21
4124 22
4125 22
4126 23
4127 24
4128 23
4129 22
4130 21
4131 22
4132 21
4133 20
4134 19
4135 20
4136 21
4137 22
4138 22
4139 21
4140 20
4141 21
4142 22
4143 22
4144 21
4145 20
4146 19
4147 20
4148 21
4149 22
4150 21
4151 21
4152 20
4153 21
4154 21
4155 20
4156 21
4157 21
4158 20
4159 21
4160 21
4161 22
4162 23
4163 23
4164 22
4165 21
4166 22
4167 21
4168 20
4169 21
4170 20
4171 21
4172 20
4173 21
4174 22
4175 22
4176 21
4177 22
4178 22
4179 21
4180 21
4181 21
4182 20
4183 21
4184 22
4185 22
4186 22
4187 22
4188 21
4189 22
4190 23
4191 24
4192 23
4193 23
4194 22
4195 22
4196 22
4197 23
4198 24
4199 23
4200 22
4201 23
4202 24
4203 24
4204 23
4205 22
4206 21
4207 21
4208 22
4209 23
4210 23
4211 23
4212 22
4213 23
4214 22
4215 22
4216 21
4217 22
4218 21
4219 22
4220 22
4221 21
4222 22
4223 23
4224 22
4225 22
4226 23
4227 23
4228 22
4229 22
4230 21
4231 22
4232 21
4233 22
4234 23
4235 22
4236 23
4237 24
4238 23
4239 23
4240 22
4241 23
4242 22
4243 23
4244 22
4245 22
4246 23
4247 24
4248 23
4249 22
4250 21
4251 22
4252 23
4253 22
4254 21
4255 20
4256 21
4257 22
4258 23
4259 22
4260 21
4261 22
4262 23
4263 23
4264 23
4265 22
4266 23
4267 22
4268 21
4269 20
4270 19
4271 20
4272 21
4273 22
4274 21
4275 20
4276 21
4277 22
4278 21
4279 20
4280 19
4281 20
4282 21
4283 22
4284 21
4285 20
4286 21
4287 22
4288 22
4289 21
4290 20
4291 21
4292 22
4293 22
4294 21
4295 20
4296 21
4297 22
4298 23
4299 22
4300 21
4301 22
4302 22
4303 22
4304 21
4305 20
4306 21
4307 22
4308 23
4309 22
4310 21
4311 22
4312 23
4313 22
4314 21
4315 22
4316 23
4317 24
4318 23
4319 22
4320 21
4321 22
4322 23
4323 24
4324 23
4325 22
4326 21
4327 22
4328 23
4329 22
4330 21
4331 22
4332 22
4333 23
4334 23
4335 22
4336 23
4337 24
4338 23
4339 24
4340 23
4341 24
4342 25
4343 24
4344 23
4345 22
4346 23
4347 23
4348 22
4349 21
4350 20
4351 21
4352 22
4353 22
4354 21
4355 20
4356 21
4357 22
4358 23
4359 22
4360 21
4361 21
4362 20
4363 21
4364 22
4365 22
4366 23
4367 22
4368 21
4369 22
4370 21
4371 22
4372 21
4373 22
4374 22
4375 22
4376 22
4377 23
4378 23
4379 22
4380 21
4381 22
4382 23
4383 24
4384 23
4385 22
4386 21
4387 22
4388 22
4389 23
4390 23
4391 23
4392 22
4393 22
4394 21
4395 20
4396 21
4397 22
4398 21
4399 22
4400 21
4401 22
4402 23
4403 22
4404 21
4405 20
4406 21
4407 22
4408 23
4409 22
4410 21
4411 22
4412 23
4413 24
4414 23
4415 22
4416 22
4417 21
4418 22
4419 22
4420 21
4421 22
4422 22
4423 23
4424 22
4425 22
4426 23
4427 24
4428 23
4429 22
4430 21
4431 22
4432 21
4433 22
4434 22
4435 21
4436 20
4437 21
4438 22
4439 22
4440 21
4441 22
4442 23
4443 23
4444 22
4445 22
4446 23
4447 23
4448 22
4449 23
4450 23
4451 22
4452 21
4453 22
4454 23
4455 22
4456 22
4457 23
4458 22
4459 21
4460 22
4461 23
4462 24
4463 23
4464 22
4465 21
4466 20
4467 21
4468 22
4469 23
4470 23
4471 23
4472 22
4473 21
4474 21
4475 20
4476 21
4477 22
4478 21
4479 20
4480 19
4481 20
4482 21
4483 22
4484 21
4485 20
4486 21
4487 21
4488 20
4489 21
4490 21
4491 22
4492 22
4493 21
4494 20
4495 20
4496 21
4497 22
4498 22
4499 21
4500 20
4501 19
4502 20
4503 21
4504 21
4505 20
4506 21
4507 21
4508 20
4509 21
4510 21
4511 22
4512 22
4513 21
4514 20
4515 19
4516 20
4517 21
4518 21
4519 20
4520 19
4521 20
4522 20
4523 21
4524 21
4525 20
4526 21
4527 22
4528 21
4529 20
4530 19
4531 20
4532 21
4533 22
4534 21
4535 20
4536 21
4537 22
4538 23
4539 22
4540 21
4541 22
4542 22
4543 21
4544 20
4545 20
4546 21
4547 22
4548 22
4549 21
4550 20
4551 20
4552 19
4553 20
4554 21
4555 20
4556 21
4557 21
4558 22
4559 21
4560 20
4561 21
4562 22
4563 21
4564 20
4565 21
4566 21
4567 22
4568 21
4569 22
4570 21
4571 21
4572 22
4573 23
4574 23
4575 22
4576 22
4577 22
4578 21
4579 22
4580 21
4581 22
4582 23
4583 23
4584 22
4585 22
4586 23
4587 24
4588 25
4589 24
4590 23
4591 22
4592 21
4593 22
4594 23
4595 22
4596 23
4597 23
4598 22
4599 21
4600 20
4601 21
4602 22
4603 22
4604 21
4605 20
4606 21
4607 22
4608 21
4609 22
4610 21
4611 22
4612 22
4613 21
4614 22
4615 21
4616 20
4617 21
4618 22
4619 22
4620 21
4621 22
4622 23
4623 22
4624 21
4625 22
4626 23
4627 23
4628 22
4629 22
4630 21
4631 22
4632 22
4633 23
4634 23
4635 22
4636 23
4637 24
4638 23
4639 24
4640 23
4641 23
4642 23
4643 22
4644 21
4645 20
4646 21
4647 22
4648 22
4649 22
4650 21
4651 22
4652 23
4653 22
4654 21
4655 20
4656 20
4657 21
4658 22
4659 22
4660 21
4661 22
4662 21
4663 20
4664 19
4665 20
4666 21
4667 22
4668 23
4669 22
4670 21
4671 21
4672 20
4673 21
4674 22
4675 22
4676 22
4677 22
4678 21
4679 20
4680 19
4681 20
4682 21
4683 22
4684 23
4685 22
4686 22
4687 21
4688 20
4689 21
4690 22
4691 22
4692 21
4693 22
4694 23
4695 22
4696 21
4697 22
4698 23
4699 24
4700 23
4701 24
4702 24
4703 23
4704 22
4705 22
4706 23
4707 23
4708 22
4709 23
4710 22
4711 21
4712 22
4713 23
4714 24
4715 24
4716 23
4717 23
4718 22
4719 22
4720 21
4721 22
4722 22
4723 23
4724 23
4725 22
4726 22
4727 21
4728 20
4729 21
4730 21
4731 22
4732 23
4733 24
4734 23
4735 22
4736 21
4737 22
4738 23
4739 23
4740 23
4741 23
4742 22
4743 21
4744 20
4745 21
4746 22
4747 23
4748 24
4749 24
4750 23
4751 22
4752 21
4753 21
4754 22
4755 22
4756 22
4757 23
4758 22
4759 21
4760 20
4761 21
4762 22
4763 23
4764 23
4765 23
4766 22
4767 21
4768 22
4769 22
4770 21
4771 22
4772 23
4773 23
4774 22
4775 22
4776 23
4777 24
4778 23
4779 22
4780 21
4781 22
4782 22
4783 23
4784 22
4785 22
4786 23
4787 23
4788 22
4789 23
4790 23
4791 22
4792 21
4793 22
4794 22
4795 21
4796 22
4797 23
4798 24
4799 23
4800 22
4801 23
4802 22
4803 23
4804 23
4805 22
4806 23
4807 22
4808 21
4809 21
4810 22
4811 23
4812 24
4813 25
4814 24
4815 23
4816 22
4817 23
4818 23
4819 24
4820 23
4821 24
4822 24
4823 23
4824 23
4825 24
4826 25
4827 24
4828 25
4829 24
4830 23
4831 24
4832 24
4833 25
4834 24
4835 23
4836 22
4837 21
4838 22
4839 23
4840 24
4841 23
4842 22
4843 21
4844 20
4845 21
4846 22
4847 23
4848 23
4849 23
4850 22
4851 21
4852 22
4853 23
4854 23
4855 22
4856 22
4857 21
4858 20
4859 21
4860 22
4861 23
4862 24
4863 23
4864 22
4865 21
4866 22
4867 23
4868 24
4869 24
4870 23
4871 23
4872 22
4873 23
4874 23
4875 22
4876 23
4877 24
4878 23
4879 22
4880 21
4881 22
4882 23
4883 24
4884 23
4885 22
4886 22
4887 23
4888 24
4889 24
4890 23
4891 23
4892 22
4893 21
4894 21
4895 20
4896 21
4897 22
4898 23
4899 22
4900 21
4901 22
4902 23
4903 22
4904 21
4905 20
4906 21
4907 21
4908 22
4909 22
4910 21
4911 22
4912 23
4913 23
4914 22
4915 22
4916 23
4917 24
4918 23
4919 22
4920 21
4921 22
4922 23
4923 24
4924 23
4925 22
4926 23
4927 24
4928 23
4929 22
4930 21
4931 22
4932 23
4933 24
4934 23
4935 22
4936 23
4937 24
4938 23
4939 24
4940 23
4941 23
4942 22
4943 23
4944 23
4945 22
4946 23
4947 23
4948 22
4949 23
4950 23
4951 24
4952 23
4953 24
4954 23
4955 22
4956 22
4957 23
4958 24
4959 24
4960 23
4961 24
4962 24
4963 23
4964 23
4965 24
4966 24
4967 23
4968 22
4969 23
4970 23
4971 24
4972 23
4973 22
4974 21
4975 22
4976 23
4977 24
4978 23
4979 22
4980 21
4981 22
4982 23
4983 24
4984 23
4985 22
4986 23
4987 24
4988 25
4989 24
4990 23
4991 23
4992 22
4993 23
4994 23
4995 22
4996 22
4997 21
4998 20
4999 21
5000 21
5001 22
5002 23
5003 22
5004 21
5005 22
5006 23
5007 23
5008 22
5009 21
5010 20
5011 21
5012 22
5013 23
5014 23
5015 22
5016 21
5017 22
5018 23
5019 22
5020 21
5021 22
5022 22
5023 23
5024 23
5025 22
5026 23
5027 24
5028 23
5029 22
5030 21
5031 22
5032 23
5033 22
5034 21
5035 22
5036 23
5037 24
5038 24
5039 23
5040 22
5041 23
5042 24
5043 24
5044 23
5045 22
5046 21
5047 21
5048 22
5049 23
5050 23
5051 23
5052 22
5053 21
5054 20
5055 21
5056 21
5057 22
5058 23
5059 23
5060 22
5061 21
5062 22
5063 21
5064 20
5065 21
5066 22
5067 23
5068 22
5069 23
5070 22
5071 22
5072 21
5073 22
5074 23
5075 23
5076 23
5077 24
5078 24
5079 23
5080 22
5081 23
5082 22
5083 23
5084 24
5085 24
5086 24
5087 23
5088 22
5089 21
5090 22
5091 23
5092 24
5093 23
5094 22
5095 21
5096 20
5097 21
5098 22
5099 22
5100 21
5101 21
5102 20
5103 19
5104 20
5105 20
5106 21
5107 22
5108 22
5109 21
5110 20
5111 21
5112 21
5113 22
5114 23
5115 22
5116 22
5117 21
5118 22
5119 22
5120 21
5121 22
5122 23
5123 23
5124 22
5125 22
5126 23
5127 22
5128 21
5129 22
5130 21
5131 21
5132 22
5133 23
5134 23
5135 22
5136 22
5137 21
5138 20
5139 21
5140 21
5141 22
5142 23
5143 22
5144 21
5145 20
5146 21
5147 22
5148 22
5149 22
5150 21
5151 21
5152 20
5153 21
5154 21
5155 20
5156 21
5157 22
5158 22
5159 21
5160 21
5161 22
5162 23
5163 24
5164 23
5165 22
5166 22
5167 22
5168 21
5169 22
5170 21
5171 22
5172 23
5173 23
5174 22
5175 21
5176 20
5177 21
5178 22
5179 21
5180 20
5181 21
5182 22
5183 22
5184 21
5185 21
5186 20
5187 19
5188 20
5189 21
5190 22
5191 21
5192 20
5193 21
5194 20
5195 21
5196 22
5197 23
5198 22
5199 21
5200 20
5201 19
5202 20
5203 21
5204 20
5205 21
5206 22
5207 21
5208 20
5209 21
5210 22
5211 23
5212 22
5213 22
5214 21
5215 21
5216 22
5217 23
5218 23
5219 22
5220 21
5221 22
5222 22
5223 22
5224 22
5225 22
5226 21
5227 22
5228 22
5229 21
5230 21
5231 22
5232 22
5233 23
5234 22
5235 21
5236 20
5237 21
5238 22
5239 22
5240 21
5241 22
5242 22
5243 21
5244 22
5245 22
5246 23
5247 23
5248 22
5249 21
5250 20
5251 21
5252 22
5253 23
5254 23
5255 22
5256 21
5257 21
5258 22
5259 23
5260 23
5261 23
5262 22
5263 23
5264 22
5265 23
5266 23
5267 22
5268 21
5269 22
5270 21
5271 22
5272 22
5273 23
5274 23
5275 22
5276 23
5277 23
5278 22
5279 22
5280 21
5281 22
5282 23
5283 23
5284 22
5285 21
5286 22
5287 23
5288 23
5289 24
5290 23
5291 23
5292 22
5293 23
5294 23
5295 22
5296 23
5297 23
5298 22
5299 21
5300 22
5301 23
5302 24
5303 23
5304 22
5305 22
5306 22
5307 23
5308 24
5309 24
5310 23
5311 24
5312 23
5313 23
5314 24
5315 24
5316 23
5317 24
5318 24
5319 23
5320 22
5321 23
5322 24
5323 25
5324 25
5325 24
5326 24
5327 23
5328 23
5329 24
5330 23
5331 23
5332 22
5333 23
5334 22
5335 23
5336 23
5337 24
5338 25
5339 24
5340 23
5341 23
5342 24
5343 25
5344 24
5345 24
5346 24
5347 23
5348 22
5349 23
5350 23
5351 24
5352 24
5353 24
5354 23
5355 22
5356 23
5357 24
5358 23
5359 24
5360 23
5361 24
5362 23
5363 22
5364 21
5365 22
5366 23
5367 23
5368 22
5369 21
5370 20
5371 21
5372 22
5373 23
5374 23
5375 22
5376 21
5377 22
5378 23
5379 22
5380 21
5381 22
5382 22
5383 23
5384 22
5385 22
5386 23
5387 24
5388 23
5389 23
5390 22
5391 22
5392 21
5393 22
5394 21
5395 21
5396 20
5397 21
5398 22
5399 22
5400 21
5401 22
5402 23
5403 23
5404 22
5405 22
5406 21
5407 22
5408 22
5409 23
5410 23
5411 22
5412 21
5413 22
5414 23
5415 23
5416 22
5417 23
5418 23
5419 24
5420 23
5421 24
5422 25
5423 24
5424 23
5425 23
5426 24
5427 23
5428 22
5429 21
5430 20
5431 21
5432 22
5433 23
5434 23
5435 22
5436 21
5437 22
5438 22
5439 21
5440 21
5441 21
5442 20
5443 21
5444 20
5445 21
5446 20
5447 21
5448 21
5449 22
5450 23
5451 23
5452 22
5453 21
5454 22
5455 21
5456 20
5457 21
5458 21
5459 20
5460 19
5461 20
5462 21
5463 21
5464 20
5465 21
5466 21
5467 22
5468 21
5469 22
5470 23
5471 22
5472 21
5473 22
5474 22
5475 21
5476 20
5477 21
5478 21
5479 22
5480 21
5481 21
5482 22
5483 23
5484 22
5485 23
5486 24
5487 23
5488 22
5489 23
5490 23
5491 22
5492 21
5493 22
5494 22
5495 21
5496 22
5497 23
5498 24
5499 24
5500 23
5501 23
5502 22
5503 23
5504 22
5505 22
5506 23
5507 22
5508 21
5509 22
5510 23
5511 23
5512 22
5513 23
5514 22
5515 23
5516 23
5517 24
5518 23
5519 22
5520 21
5521 22
5522 22
5523 21
5524 20
5525 21
5526 22
5527 22
5528 21
5529 21
5530 20
5531 21
5532 22
5533 23
5534 23
5535 22
5536 22
5537 21
5538 22
5539 22
5540 21
5541 22
5542 22
5543 21
5544 20
5545 21
5546 22
5547 22
5548 23
5549 23
5550 22
5551 21
5552 22
5553 23
5554 23
5555 22
5556 22
5557 23
5558 22
5559 23
5560 23
5561 24
5562 25
5563 25
5564 24
5565 23
5566 24
5567 23
5568 22
5569 23
5570 23
5571 23
5572 22
5573 23
5574 23
5575 22
5576 21
5577 22
5578 22
5579 21
5580 22
5581 23
5582 24
5583 23
5584 22
5585 22
5586 21
5587 22
5588 21
5589 22
5590 23
5591 23
5592 22
5593 21
5594 22
5595 23
5596 23
5597 24
5598 23
5599 23
5600 22
5601 23
5602 24
5603 23
5604 22
5605 22
5606 23
5607 23
5608 23
5609 23
5610 22
5611 23
5612 24
5613 25
5614 24
5615 24
5616 23
5617 24
5618 25
5619 24
5620 23
5621 23
5622 22
5623 23
5624 22
5625 22
5626 23
5627 23
5628 22
5629 22
5630 21
5631 22
5632 23
5633 24
5634 23
5635 22
5636 22
5637 23
5638 24
5639 23
5640 22
5641 23
5642 22
5643 22
5644 21
5645 20
5646 21
5647 22
5648 22
5649 22
5650 21
5651 22
5652 21
5653 22
5654 21
5655 20
5656 21
5657 22
5658 21
5659 22
5660 21
5661 22
5662 23
5663 23
5664 22
5665 22
5666 23
5667 23
5668 22
5669 22
5670 21
5671 22
5672 23
5673 24
5674 23
5675 22
5676 23
5677 23
5678 23
5679 22
5680 21
5681 22
5682 22
5683 23
5684 23
5685 22
5686 23
5687 22
5688 21
5689 22
5690 23
5691 23
5692 24
5693 23
5694 22
5695 22
5696 22
5697 23
5698 23
5699 22
5700 21
5701 22
5702 23
5703 22
5704 21
5705 22
5706 23
5707 24
5708 23
5709 22
5710 23
5711 22
5712 21
5713 22
5714 22
5715 21
5716 20
5717 21
5718 22
5719 22
5720 21
5721 22
5722 23
5723 22
5724 21
5725 20
5726 21
5727 22
5728 21
5729 20
5730 19
5731 20
5732 21
5733 22
5734 21
5735 20
5736 21
5737 22
5738 23
5739 22
5740 21
5741 22
5742 23
5743 22
5744 21
5745 20
5746 21
5747 22
5748 22
5749 22
5750 21
5751 22
5752 22
5753 22
5754 21
5755 20
5756 21
5757 22
5758 23
5759 22
5760 21
5761 22
5762 23
5763 23
5764 22
5765 22
5766 23
5767 22
5768 21
5769 20
5770 19
5771 20
5772 21
5773 22
5774 21
5775 20
5776 21
5777 22
5778 21
5779 20
5780 19
5781 20
5782 21
5783 22
5784 21
5785 20
5786 21
5787 22
5788 22
5789 21
5790 21
5791 22
5792 23
5793 22
5794 21
5795 20
5796 21
5797 22
5798 23
5799 22
5800 21
5801 22
5802 22
5803 22
5804 21
5805 20
5806 21
5807 22
5808 23
5809 22
5810 21
5811 22
5812 23
5813 24
5814 23
5815 22
5816 23
5817 23
5818 23
5819 22
5820 21
5821 22
5822 23
5823 23
5824 22
5825 22
5826 23
5827 24
5828 23
5829 22
5830 21
5831 22
5832 23
5833 24
5834 23
5835 22
5836 23
5837 23
5838 22
5839 23
5840 23
5841 24
5842 24
5843 23
5844 22
5845 22
5846 23
5847 24
5848 23
5849 22
5850 21
5851 22
5852 23
5853 22
5854 21
5855 20
5856 21
5857 22
5858 23
5859 22
5860 21
5861 22
5862 22
5863 23
5864 23
5865 22
5866 22
5867 23
5868 23
5869 22
5870 21
5871 22
5872 22
5873 21
5874 22
5875 22
5876 23
5877 24
5878 23
5879 22
5880 21
5881 22
5882 23
5883 24
5884 23
5885 22
5886 22
5887 21
5888 22
5889 23
5890 23
5891 24
5892 23
5893 22
5894 21
5895 20
5896 21
5897 22
5898 23
5899 22
5900 21
5901 22
5902 23
5903 22
5904 21
5905 20
5906 21
5907 22
5908 22
5909 22
5910 21
5911 22
5912 23
5913 24
5914 23
5915 22
5916 23
5917 24
5918 23
5919 22
5920 21
5921 22
5922 22
5923 23
5924 23
5925 22
5926 23
5927 24
5928 23
5929 22
5930 21
5931 22
5932 23
5933 24
5934 23
5935 22
5936 22
5937 23
5938 24
5939 24
5940 23
5941 24
5942 24
5943 23
5944 23
5945 22
5946 23
5947 24
5948 25
5949 24
5950 23
5951 24
5952 23
5953 24
5954 23
5955 22
5956 22
5957 23
5958 24
5959 24
5960 23
5961 24
5962 25
5963 25
5964 24
5965 24
5966 24
5967 23
5968 22
5969 23
5970 23
5971 22
5972 21
5973 22
5974 23
5975 22
5976 22
5977 23
5978 23
5979 22
5980 21
5981 22
5982 23
5983 24
5984 23
5985 22
5986 23
5987 23
5988 22
5989 23
5990 23
5991 24
5992 23
5993 24
5994 23
5995 22
5996 23
5997 24
5998 25
5999 24
6000 23
6001 24
6002 25
6003 24
6004 23
6005 22
6006 23
6007 24
6008 24
6009 24
6010 23
6011 24
6012 24
6013 25
6014 25
6015 24
6016 24
6017 24
6018 23
6019 22
6020 21
6021 22
6022 23
6023 24
6024 23
6025 22
6026 23
6027 24
6028 23
6029 22
6030 21
6031 22
6032 23
6033 24
6034 23
6035 22
6036 22
6037 23
6038 24
6039 24
6040 23
6041 24
6042 24
6043 24
6044 23
6045 22
6046 23
6047 24
6048 24
6049 24
6050 23
6051 24
6052 23
6053 24
6054 23
6055 22
6056 23
6057 24
6058 25
6059 24
6060 23
6061 24
6062 25
6063 26
6064 25
6065 24
6066 25
6067 25
6068 24
6069 24
6070 23
6071 24
6072 24
6073 25
6074 25
6075 24
6076 24
6077 24
6078 23
6079 24
6080 23
6081 24
6082 24
6083 23
6084 24
6085 24
6086 24
6087 23
6088 22
6089 23
6090 23
6091 24
6092 25
6093 26
6094 25
6095 24
6096 23
6097 24
6098 25
6099 24
6100 23
6101 24
6102 25
6103 24
6104 23
6105 22
6106 23
6107 24
6108 25
6109 24
6110 23
6111 24
6112 25
6113 24
6114 23
6115 24
6116 24
6117 24
6118 24
6119 24
6120 23
6121 24
6122 25
6123 24
6124 23
6125 22
6126 23
6127 24
6128 23
6129 22
6130 21
6131 22
6132 22
6133 23
6134 23
6135 22
6136 23
6137 24
6138 24
6139 23
6140 23
6141 24
6142 23
6143 22
6144 21
6145 20
6146 21
6147 22
6148 23
6149 22
6150 21
6151 22
6152 23
6153 22
6154 21
6155 20
6156 21
6157 22
6158 23
6159 22
6160 21
6161 22
6162 23
6163 23
6164 22
6165 22
6166 23
6167 23
6168 23
6169 22
6170 21
6171 22
6172 23
6173 24
6174 23
6175 22
6176 23
6177 24
6178 23
6179 22
6180 21
6181 22
6182 23
6183 24
6184 23
6185 22
6186 23
6187 24
6188 24
6189 24
6190 23
6191 24
6192 23
6193 24
6194 23
6195 22
6196 23
6197 24
6198 23
6199 23
6200 22
6201 23
6202 24
6203 24
6204 23
6205 22
6206 23
6207 24
6208 23
6209 23
6210 23
6211 23
6212 22
6213 23
6214 24
6215 23
6216 22
6217 23
6218 24
6219 24
6220 23
6221 24
6222 23
6223 23
6224 22
6225 22
6226 23
6227 22
6228 21
6229 22
6230 21
6231 22
6232 22
6233 23
6234 23
6235 22
6236 23
6237 23
6238 24
6239 24
6240 23
6241 24
6242 24
6243 23
6244 22
6245 22
6246 23
6247 24
6248 23
6249 24
6250 23
6251 24
6252 24
6253 24
6254 23
6255 22
6256 23
6257 24
6258 24
6259 24
6260 23
6261 24
6262 25
6263 24
6264 23
6265 23
6266 24
6267 24
6268 23
6269 22
6270 21
6271 22
6272 23
6273 24
6274 23
6275 22
6276 23
6277 24
6278 23
6279 22
6280 21
6281 22
6282 23
6283 24
6284 23
6285 22
6286 23
6287 24
6288 23
6289 24
6290 23
6291 23
6292 22
6293 22
6294 21
6295 22
6296 23
6297 24
6298 24
6299 23
6300 22
6301 23
6302 24
6303 24
6304 23
6305 22
6306 21
6307 22
6308 23
6309 24
6310 23
6311 23
6312 22
6313 23
6314 24
6315 24
6316 25
6317 24
6318 23
6319 24
6320 23
6321 24
6322 25
6323 25
6324 24
6325 24
6326 25
6327 25
6328 24
6329 23
6330 22
6331 23
6332 24
6333 25
6334 25
6335 24
6336 23
6337 24
6338 25
6339 25
6340 24
6341 23
6342 22
6343 23
6344 24
6345 24
6346 25
6347 24
6348 23
6349 22
6350 21
6351 22
6352 23
6353 22
6354 21
6355 20
6356 21
6357 22
6358 23
6359 22
6360 21
6361 22
6362 23
6363 24
6364 23
6365 22
6366 23
6367 24
6368 23
6369 22
6370 21
6371 22
6372 23
6373 24
6374 23
6375 22
6376 23
6377 24
6378 23
6379 22
6380 21
6381 22
6382 23
6383 24
6384 23
6385 22
6386 23
6387 24
6388 25
6389 24
6390 23
6391 24
6392 23
6393 22
6394 21
6395 20
6396 21
6397 22
6398 23
6399 22
6400 21
6401 22
6402 23
6403 22
6404 21
6405 20
6406 21
6407 22
6408 23
6409 22
6410 21
6411 22
6412 23
6413 24
6414 23
6415 22
6416 22
6417 23
6418 23
6419 22
6420 21
6421 22
6422 23
6423 23
6424 22
6425 22
6426 23
6427 24
6428 23
6429 22
6430 21
6431 22
6432 23
6433 24
6434 23
6435 22
6436 22
6437 23
6438 23
6439 24
6440 23
6441 24
6442 25
6443 24
6444 23
6445 22
6446 23
6447 24
6448 24
6449 23
6450 22
6451 23
6452 23
6453 24
6454 23
6455 22
6456 23
6457 24
6458 25
6459 24
6460 23
6461 24
6462 24
6463 23
6464 22
6465 23
6466 23
6467 22
6468 21
6469 22
6470 23
6471 23
6472 22
6473 23
6474 23
6475 22
6476 23
6477 24
6478 23
6479 22
6480 21
6481 22
6482 22
6483 21
6484 20
6485 21
6486 22
6487 22
6488 21
6489 22
6490 23
6491 23
6492 22
6493 23
6494 23
6495 22
6496 22
6497 23
6498 23
6499 22
6500 21
6501 22
6502 23
6503 23
6504 22
6505 22
6506 23
6507 24
6508 23
6509 23
6510 22
6511 23
6512 23
6513 24
6514 24
6515 23
6516 22
6517 23
6518 23
6519 22
6520 21
6521 22
6522 22
6523 23
6524 22
6525 22
6526 23
6527 24
6528 23
6529 22
6530 21
6531 22
6532 22
6533 23
6534 23
6535 22
6536 23
6537 24
6538 24
6539 24
6540 23
6541 24
6542 24
6543 23
6544 22
6545 22
6546 23
6547 22
6548 21
6549 22
6550 23
6551 23
6552 22
6553 23
6554 23
6555 22
6556 23
6557 23
6558 22
6559 21
6560 22
6561 23
6562 24
6563 23
6564 22
6565 23
6566 22
6567 23
6568 23
6569 23
6570 22
6571 23
6572 22
6573 21
6574 22
6575 23
6576 24
6577 25
6578 24
6579 23
6580 22
6581 23
6582 24
6583 25
6584 24
6585 24
6586 24
6587 23
6588 24
6589 25
6590 25
6591 25
6592 24
6593 25
6594 24
6595 24
6596 23
6597 24
6598 25
6599 24
6600 23
6601 23
6602 24
6603 24
6604 23
6605 22
6606 23
6607 23
6608 22
6609 23
6610 23
6611 23
6612 22
6613 23
6614 24
6615 23
6616 23
6617 24
6618 25
6619 24
6620 23
6621 23
6622 22
6623 23
6624 22
6625 23
6626 24
6627 24
6628 23
6629 23
6630 23
6631 23
6632 22
6633 21
6634 22
6635 23
6636 24
6637 25
6638 26
6639 25
6640 24
6641 23
6642 22
6643 23
6644 23
6645 22
6646 23
6647 24
6648 24
6649 23
6650 22
6651 21
6652 22
6653 23
6654 23
6655 22
6656 23
6657 23
6658 24
6659 23
6660 22
6661 23
6662 24
6663 24
6664 23
6665 22
6666 21
6667 22
6668 23
6669 23
6670 23
6671 23
6672 22
6673 23
6674 24
6675 23
6676 22
6677 23
6678 23
6679 24
6680 23
6681 24
6682 25
6683 25
6684 24
6685 24
6686 25
6687 25
6688 24
6689 23
6690 22
6691 23
6692 23
6693 24
6694 25
6695 24
6696 23
6697 24
6698 25
6699 25
6700 24
6701 23
6702 22
6703 23
6704 24
6705 23
6706 24
6707 24
6708 23
6709 24
6710 25
6711 24
6712 23
6713 23
6714 22
6715 23
6716 24
6717 25
6718 25
6719 24
6720 23
6721 24
6722 24
6723 23
6724 22
6725 22
6726 21
6727 22
6728 23
6729 24
6730 23
6731 23
6732 22
6733 23
6734 24
6735 23
6736 22
6737 22
6738 21
6739 22
6740 21
6741 22
6742 23
6743 23
6744 22
6745 23
6746 24
6747 24
6748 23
6749 22
6750 21
6751 22
6752 23
6753 22
6754 21
6755 20
6756 21
6757 22
6758 23
6759 22
6760 21
6761 22
6762 22
6763 23
6764 23
6765 22
6766 23
6767 22
6768 21
6769 20
6770 19
6771 20
6772 21
6773 22
6774 21
6775 20
6776 21
6777 22
6778 21
6779 20
6780 19
6781 20
6782 21
6783 22
6784 21
6785 20
6786 21
6787 22
6788 23
6789 22
6790 21
6791 22
6792 23
6793 22
6794 21
6795 20
6796 21
6797 22
6798 23
6799 22
6800 21
6801 22
6802 23
6803 22
6804 21
6805 20
6806 21
6807 22
6808 23
6809 22
6810 21
6811 22
6812 23
6813 23
6814 23
6815 22
6816 23
6817 23
6818 22
6819 22
6820 21
6821 22
6822 23
6823 24
6824 23
6825 22
6826 23
6827 24
6828 23
6829 22
6830 21
6831 22
6832 23
6833 24
6834 23
6835 22
6836 23
6837 24
6838 25
6839 24
6840 23
6841 24
6842 25
6843 24
6844 23
6845 22
6846 23
6847 24
6848 23
6849 22
6850 21
6851 22
6852 23
6853 22
6854 21
6855 20
6856 21
6857 22
6858 23
6859 22
6860 21
6861 22
6862 23
6863 24
6864 23
6865 22
6866 22
6867 21
6868 22
6869 22
6870 21
6871 22
6872 23
6873 23
6874 22
6875 22
6876 23
6877 24
6878 23
6879 22
6880 21
6881 22
6882 22
6883 23
6884 23
6885 22
6886 23
6887 24
6888 23
6889 24
6890 23
6891 24
6892 23
6893 22
6894 21
6895 20
6896 21
6897 22
6898 23
6899 22
6900 21
6901 21
6902 20
6903 21
6904 21
6905 20
6906 21
6907 22
6908 22
6909 21
6910 21
6911 22
6912 23
6913 23
6914 22
6915 21
6916 20
6917 21
6918 22
6919 22
6920 21
6921 22
6922 22
6923 21
6924 22
6925 22
6926 23
6927 24
6928 23
6929 22
6930 21
6931 22
6932 23
6933 24
6934 23
6935 22
6936 23
6937 23
6938 24
6939 24
6940 23
6941 23
6942 22
6943 23
6944 22
6945 22
6946 23
6947 24
6948 23
6949 23
6950 22
6951 21
6952 22
6953 23
6954 22
6955 22
6956 23
6957 23
6958 22
6959 23
6960 23
6961 24
6962 24
6963 23
6964 22
6965 21
6966 22
6967 23
6968 24
6969 24
6970 23
6971 23
6972 22
6973 22
6974 21
6975 20
6976 21
6977 22
6978 21
6979 20
6980 19
6981 20
6982 21
6983 22
6984 21
6985 20
6986 21
6987 22
6988 23
6989 22
6990 21
6991 22
6992 23
6993 22
6994 21
6995 20
6996 21
6997 22
6998 23
6999 22
7000 21
7001 22
7002 23
7003 22
7004 21
7005 20
7006 21
7007 22
7008 23
7009 22
7010 21
7011 22
7012 23
7013 23
7014 22
7015 22
7016 23
7017 22
7018 21
7019 20
7020 19
7021 20
7022 21
7023 22
7024 21
7025 20
7026 21
7027 22
7028 21
7029 20
7030 19
7031 20
7032 21
7033 22
7034 21
7035 20
7036 21
7037 22
7038 23
7039 22
7040 21
7041 22
7042 23
7043 22
7044 21
7045 20
7046 21
7047 22
7048 23
7049 22
7050 21
7051 22
7052 23
7053 22
7054 21
7055 20
7056 21
7057 22
7058 23
7059 22
7060 21
7061 22
7062 23
7063 23
7064 23
7065 22
7066 23
7067 24
7068 23
7069 22
7070 21
7071 22
7072 23
7073 24
7074 23
7075 22
7076 23
7077 24
7078 23
7079 22
7080 21
7081 22
7082 23
7083 24
7084 23
7085 22
7086 23
7087 24
7088 25
7089 24
7090 23
7091 24
7092 24
7093 24
7094 23
7095 22
7096 23
7097 24
7098 23
7099 22
7100 21
7101 22
7102 23
7103 22
7104 21
7105 20
7106 21
7107 22
7108 23
7109 22
7110 21
7111 22
7112 22
7113 23
7114 23
7115 22
7116 23
7117 24
7118 23
7119 22
7120 21
7121 22
7122 23
7123 24
7124 23
7125 22
7126 23
7127 23
7128 22
7129 22
7130 21
7131 22
7132 23
7133 24
7134 23
7135 22
7136 22
7137 21
7138 22
7139 23
7140 23
7141 24
7142 23
7143 22
7144 21
7145 20
7146 21
7147 22
7148 23
7149 22
7150 21
7151 22
7152 23
7153 22
7154 21
7155 20
7156 21
7157 22
7158 23
7159 22
7160 21
7161 21
7162 22
7163 23
7164 23
7165 22
7166 23
7167 23
7168 22
7169 22
7170 21
7171 22
7172 23
7173 24
7174 23
7175 22
7176 22
7177 23
7178 23
7179 22
7180 21
7181 22
7182 23
7183 24
7184 23
7185 22
7186 23
7187 24
7188 23
7189 23
7190 23
7191 23
7192 24
7193 24
7194 23
7195 22
7196 22
7197 23
7198 24
7199 23
7200 22
7201 23
7202 24
7203 23
7204 23
7205 22
7206 23
7207 23
7208 22
7209 21
7210 22
7211 23
7212 24
7213 25
7214 24
7215 23
7216 22
7217 21
7218 20
7219 21
7220 22
7221 23
7222 23
7223 22
7224 21
7225 22
7226 22
7227 21
7228 22
7229 22
7230 21
7231 22
7232 22
7233 23
7234 23
7235 22
7236 22
7237 23
7238 22
7239 22
7240 21
7241 22
7242 23
7243 23
7244 22
7245 21
7246 22
7247 23
7248 22
7249 23
7250 23
7251 23
7252 22
7253 23
7254 23
7255 22
7256 23
7257 23
7258 22
7259 21
7260 22
7261 23
7262 24
7263 23
7264 24
7265 23
7266 22
7267 23
7268 23
7269 22
7270 21
7271 22
7272 22
7273 23
7274 23
7275 22
7276 23
7277 24
7278 23
7279 22
7280 21
7281 21
7282 22
7283 23
7284 23
7285 22
7286 23
7287 23
7288 22
7289 23
7290 22
7291 23
7292 24
7293 23
7294 22
7295 22
7296 23
7297 23
7298 22
7299 21
7300 22
7301 23
7302 24
7303 23
7304 22
7305 22
7306 23
7307 23
7308 22
7309 23
7310 23
7311 24
7312 23
7313 24
7314 24
7315 23
7316 23
7317 23
7318 24
7319 24
7320 23
7321 24
7322 24
7323 25
7324 25
7325 24
7326 24
7327 25
7328 25
7329 24
7330 23
7331 24
7332 24
7333 25
7334 25
7335 24
7336 24
7337 25
7338 25
7339 26
7340 25
7341 25
7342 24
7343 23
7344 22
7345 23
7346 24
7347 25
7348 25
7349 24
7350 23
7351 23
7352 22
7353 21
7354 22
7355 22
7356 23
7357 23
7358 24
7359 23
7360 22
7361 21
7362 20
7363 21
7364 22
7365 23
7366 24
7367 24
7368 23
7369 23
7370 22
7371 21
7372 22
7373 23
7374 23
7375 22
7376 23
7377 23
7378 22
7379 21
7380 20
7381 21
7382 22
7383 23
7384 23
7385 22
7386 23
7387 23
7388 22
7389 21
7390 22
7391 23
7392 23
7393 22
7394 21
7395 20
7396 21
7397 22
7398 22
7399 22
7400 21
7401 22
7402 23
7403 22
7404 21
7405 20
7406 21
7407 22
7408 23
7409 22
7410 21
7411 22
7412 23
7413 24
7414 23
7415 22
7416 23
7417 24
7418 23
7419 22
7420 21
7421 22
7422 23
7423 24
7424 23
7425 22
7426 23
7427 24
7428 23
7429 22
7430 21
7431 22
7432 23
7433 23
7434 22
7435 22
7436 23
7437 24
7438 25
7439 24
7440 23
7441 23
7442 22
7443 21
7444 22
7445 22
7446 23
7447 23
7448 22
7449 23
7450 23
7451 23
7452 22
7453 23
7454 22
7455 21
7456 22
7457 23
7458 24
7459 23
7460 22
7461 21
7462 22
7463 23
7464 24
7465 24
7466 25
7467 25
7468 24
7469 23
7470 22
7471 23
7472 24
7473 24
7474 23
7475 22
7476 23
7477 24
7478 23
7479 22
7480 21
7481 22
7482 23
7483 23
7484 23
7485 22
7486 23
7487 24
7488 23
7489 23
7490 22
7491 23
7492 22
7493 23
7494 23
7495 22
7496 22
7497 21
7498 22
7499 23
7500 23
7501 23
7502 22
7503 21
7504 20
7505 21
7506 22
7507 22
7508 21
7509 22
7510 22
7511 21
7512 22
7513 23
7514 24
7515 23
7516 23
7517 23
7518 22
7519 22
7520 21
7521 22
7522 23
7523 23
7524 22
7525 22
7526 23
7527 24
7528 23
7529 22
7530 21
7531 22
7532 22
7533 23
7534 23
7535 22
7536 23
7537 23
7538 22
7539 21
7540 22
7541 23
7542 22
7543 23
7544 23
7545 22
7546 22
7547 23
7548 24
7549 24
7550 23
7551 23
7552 22
7553 21
7554 22
7555 22
7556 23
7557 24
7558 24
7559 23
7560 22
7561 23
7562 24
7563 25
7564 25
7565 24
7566 24
7567 23
7568 23
7569 24
7570 23
7571 23
7572 22
7573 23
7574 24
7575 24
7576 23
7577 24
7578 24
7579 23
7580 22
7581 21
7582 22
7583 23
7584 24
7585 23
7586 22
7587 21
7588 20
7589 21
7590 22
7591 23
7592 24
7593 23
7594 22
7595 21
7596 22
7597 23
7598 23
7599 22
7600 21
7601 21
7602 20
7603 21
7604 21
7605 20
7606 21
7607 22
7608 22
7609 21
7610 21
7611 22
7612 23
7613 24
7614 23
7615 22
7616 22
7617 23
7618 23
7619 22
7620 21
7621 22
7622 23
7623 23
7624 22
7625 22
7626 23
7627 24
7628 23
7629 22
7630 21
7631 22
7632 23
7633 24
7634 23
7635 22
7636 22
7637 21
7638 22
7639 23
7640 23
7641 24
7642 23
7643 22
7644 21
7645 20
7646 21
7647 22
7648 23
7649 22
7650 21
7651 21
7652 22
7653 22
7654 21
7655 20
7656 21
7657 22
7658 22
7659 22
7660 21
7661 22
7662 23
7663 24
7664 23
7665 22
7666 23
7667 24
7668 23
7669 22
7670 21
7671 22
7672 23
7673 24
7674 23
7675 22
7676 23
7677 24
7678 23
7679 22
7680 21
7681 22
7682 23
7683 24
7684 23
7685 22
7686 22
7687 22
7688 21
7689 22
7690 23
7691 24
7692 24
7693 23
7694 23
7695 22
7696 22
7697 23
7698 24
7699 23
7700 22
7701 23
7702 24
7703 24
7704 23
7705 22
7706 23
7707 23
7708 24
7709 24
7710 23
7711 24
7712 24
7713 25
7714 24
7715 24
7716 24
7717 25
7718 25
7719 24
7720 23
7721 24
7722 25
7723 24
7724 23
7725 22
7726 23
7727 22
7728 21
7729 22
7730 21
7731 22
7732 23
7733 23
7734 22
7735 21
7736 20
7737 21
7738 22
7739 23
7740 23
7741 24
7742 23
7743 22
7744 21
7745 22
7746 23
7747 24
7748 23
7749 23
7750 22
7751 21
7752 20
7753 21
7754 22
7755 22
7756 23
7757 24
7758 23
7759 22
7760 21
7761 22
7762 23
7763 23
7764 22
7765 23
7766 24
7767 23
7768 22
7769 22
7770 21
7771 22
7772 23
7773 24
7774 23
7775 22
7776 23
7777 24
7778 23
7779 22
7780 21
7781 22
7782 22
7783 23
7784 23
7785 22
7786 23
7787 24
7788 23
7789 24
7790 23
7791 23
7792 22
7793 23
7794 23
7795 22
7796 23
7797 23
7798 22
7799 22
7800 21
7801 22
7802 23
7803 24
7804 23
7805 22
7806 21
7807 22
7808 22
7809 23
7810 23
7811 23
7812 22
7813 23
7814 23
7815 22
7816 21
7817 22
7818 21
7819 22
7820 23
7821 24
7822 24
7823 23
7824 22
7825 23
7826 24
7827 24
7828 23
7829 24
7830 23
7831 24
7832 23
7833 23
7834 24
7835 24
7836 24
7837 25
7838 24
7839 23
7840 22
7841 23
7842 22
7843 23
7844 24
7845 23
7846 22
7847 21
7848 22
7849 23
7850 23
7851 24
7852 24
7853 23
7854 22
7855 22
7856 23
7857 23
7858 24
7859 24
7860 23
7861 23
7862 24
7863 23
7864 22
7865 23
7866 22
7867 23
7868 24
7869 24
7870 23
7871 24
7872 23
7873 24
7874 24
7875 23
7876 24
7877 24
7878 23
7879 23
7880 22
7881 23
7882 22
7883 23
7884 24
7885 24
7886 25
7887 24
7888 23
7889 23
7890 23
7891 24
7892 24
7893 24
7894 23
7895 22
7896 22
7897 23
7898 24
7899 24
7900 23
7901 24
7902 24
7903 23
7904 23
7905 22
7906 23
7907 24
7908 25
7909 24
7910 23
7911 24
7912 25
7913 25
7914 24
7915 24
7916 25
7917 25
7918 25
7919 24
7920 23
7921 24
7922 24
7923 23
7924 22
7925 23
7926 24
7927 24
7928 23
7929 23
7930 22
7931 21
7932 22
7933 23
7934 24
7935 24
7936 24
7937 23
7938 22
7939 23
7940 24
7941 25
7942 24
7943 23
7944 22
7945 21
7946 22
7947 21
7948 22
7949 23
7950 24
7951 23
7952 22
7953 23
7954 23
7955 22
7956 21
7957 22
7958 23
7959 23
7960 22
7961 21
7962 20
7963 21
7964 22
7965 23
7966 23
7967 22
7968 21
7969 22
7970 23
7971 24
7972 24
7973 23
7974 22
7975 23
7976 24
7977 25
7978 24
7979 23
7980 22
7981 23
7982 24
7983 24
7984 23
7985 22
7986 21
7987 22
7988 23
7989 24
7990 24
7991 23
7992 22
7993 23
7994 22
7995 23
7996 23
7997 22
7998 21
7999 22
8000 23
8001 23
8002 24
8003 23
8004 22
8005 22
8006 23
8007 24
8008 24
8009 23
8010 22
8011 23
8012 24
8013 25
8014 25
8015 24
8016 24
8017 24
8018 23
8019 22
8020 21
8021 21
8022 20
8023 21
8024 22
8025 22
8026 23
8027 22
8028 21
8029 22
8030 21
8031 22
8032 22
8033 21
8034 20
8035 21
8036 22
8037 23
8038 23
8039 22
8040 21
8041 22
8042 23
8043 23
8044 23
8045 22
8046 22
8047 23
8048 24
8049 24
8050 23
8051 24
8052 23
8053 24
8054 23
8055 22
8056 23
8057 22
8058 21
8059 22
8060 23
8061 24
8062 24
8063 23
8064 22
8065 23
8066 24
8067 24
8068 23
8069 22
8070 21
8071 22
8072 22
8073 23
8074 24
8075 23
8076 22
8077 23
8078 24
8079 24
8080 23
8081 23
8082 22
8083 23
8084 24
8085 24
8086 25
8087 25
8088 24
8089 23
8090 22
8091 21
8092 22
8093 23
8094 22
8095 23
8096 24
8097 25
8098 24
8099 23
8100 22
8101 23
8102 24
8103 24
8104 23
8105 22
8106 22
8107 23
8108 22
8109 21
8110 22
8111 23
8112 23
8113 24
8114 25
8115 24
8116 24
8117 23
8118 22
8119 23
8120 23
8121 24
8122 25
8123 26
8124 25
8125 24
8126 24
8127 23
8128 22
8129 23
8130 23
8131 24
8132 25
8133 24
8134 23
8135 22
8136 21
8137 22
8138 23
8139 24
8140 24
8141 23
8142 23
8143 23
8144 22
8145 22
8146 23
8147 24
8148 24
8149 24
8150 23
8151 24
8152 23
8153 24
8154 23
8155 22
8156 23
8157 24
8158 25
8159 24
8160 23
8161 24
8162 24
8163 23
8164 24
8165 24
8166 24
8167 25
8168 25
8169 24
8170 23
8171 23
8172 22
8173 23
8174 24
8175 24
8176 23
8177 22
8178 21
8179 22
8180 23
8181 23
8182 24
8183 23
8184 22
8185 23
8186 24
8187 25
8188 24
8189 23
8190 22
8191 23
8192 23
8193 24
8194 25
8195 24
8196 24
8197 23
8198 24
8199 23
8200 22
8201 23
8202 22
8203 23
8204 24
8205 24
8206 25
8207 24
8208 23
8209 24
8210 25
8211 24
8212 23
8213 23
8214 22
8215 23
8216 24
8217 25
8218 24
8219 24
8220 23
8221 24
8222 25
8223 24
8224 23
8225 22
8226 23
8227 24
8228 23
8229 22
8230 21
8231 22
8232 23
8233 24
8234 23
8235 22
8236 23
8237 22
8238 21
8239 22
8240 22
8241 23
8242 24
8243 23
8244 22
8245 22
8246 23
8247 22
8248 21
8249 22
8250 21
8251 22
8252 23
8253 23
8254 23
8255 22
8256 22
8257 23
8258 24
8259 24
8260 23
8261 24
8262 23
8263 22
8264 21
8265 22
8266 23
8267 23
8268 23
8269 22
8270 21
8271 22
8272 22
8273 23
8274 22
8275 22
8276 22
8277 23
8278 23
8279 22
8280 21
8281 22
8282 23
8283 24
8284 23
8285 22
8286 22
8287 23
8288 22
8289 23
8290 23
8291 24
8292 23
8293 24
8294 23
8295 22
8296 23
8297 24
8298 24
8299 24
8300 23
8301 24
8302 24
8303 24
8304 23
8305 22
8306 23
8307 24
8308 24
8309 24
8310 23
8311 23
8312 22
8313 23
8314 24
8315 24
8316 24
8317 25
8318 25
8319 24
8320 23
8321 24
8322 23
8323 23
8324 24
8325 24
8326 24
8327 23
8328 22
8329 23
8330 23
8331 24
8332 25
8333 25
8334 24
8335 24
8336 23
8337 23
8338 24
8339 24
8340 23
8341 24
8342 25
8343 25
8344 24
8345 24
8346 24
8347 25
8348 25
8349 24
8350 23
8351 24
8352 24
8353 24
8354 23
8355 22
8356 23
8357 24
8358 24
8359 24
8360 23
8361 24
8362 25
8363 26
8364 25
8365 24
8366 25
8367 25
8368 24
8369 24
8370 23
8371 24
8372 24
8373 25
8374 25
8375 24
8376 23
8377 24
8378 25
8379 24
8380 23
8381 24
8382 24
8383 25
8384 24
8385 24
8386 24
8387 24
8388 23
8389 24
8390 25
8391 24
8392 23
8393 23
8394 22
8395 22
8396 23
8397 24
8398 25
8399 24
8400 23
8401 24
8402 25
8403 24
8404 23
8405 22
8406 23
8407 24
8408 25
8409 24
8410 23
8411 24
8412 25
8413 26
8414 25
8415 24
8416 25
8417 24
8418 23
8419 24
8420 23
8421 24
8422 25
8423 25
8424 24
8425 24
8426 25
8427 26
8428 25
8429 24
8430 23
8431 24
8432 25
8433 25
8434 25
8435 24
8436 24
8437 25
8438 26
8439 25
8440 24
8441 25
8442 25
8443 26
8444 25
8445 24
8446 25
8447 25
8448 24
8449 25
8450 25
8451 24
8452 23
8453 23
8454 22
8455 23
8456 24
8457 25
8458 25
8459 24
8460 23
8461 24
8462 25
8463 24
8464 23
8465 23
8466 22
8467 23
8468 22
8469 23
8470 24
8471 24
8472 23
8473 24
8474 25
8475 24
8476 24
8477 25
8478 24
8479 24
8480 23
8481 24
8482 25
8483 24
8484 23
8485 24
8486 25
8487 25
8488 24
8489 24
8490 23
8491 24
8492 25
8493 26
8494 25
8495 24
8496 24
8497 25
8498 26
8499 25
8500 24
8501 24
8502 23
8503 24
8504 25
8505 24
8506 25
8507 25
8508 24
8509 25
8510 25
8511 24
8512 23
8513 24
8514 24
8515 23
8516 22
8517 23
8518 24
8519 24
8520 23
8521 24
8522 25
8523 25
8524 24
8525 24
8526 24
8527 23
8528 22
8529 23
8530 23
8531 22
8532 21
8533 22
8534 23
8535 23
8536 22
8537 23
8538 24
8539 24
8540 23
8541 24
8542 25
8543 24
8544 23
8545 24
8546 24
8547 23
8548 22
8549 23
8550 24
8551 24
8552 23
8553 24
8554 25
8555 24
8556 24
8557 25
8558 26
8559 25
8560 24
8561 25
8562 25
8563 24
8564 23
8565 24
8566 25
8567 25
8568 24
8569 25
8570 25
8571 26
8572 25
8573 25
8574 24
8575 23
8576 22
8577 23
8578 24
8579 24
8580 23
8581 24
8582 23
8583 22
8584 21
8585 22
8586 23
8587 24
8588 25
8589 25
8590 24
8591 23
8592 22
8593 23
8594 24
8595 23
8596 22
8597 23
8598 24
8599 24
8600 23
8601 24
8602 25
8603 25
8604 24
8605 24
8606 25
8607 25
8608 24
8609 24
8610 23
8611 24
8612 23
8613 24
8614 25
8615 25
8616 24
8617 23
8618 24
8619 25
8620 25
8621 26
8622 25
8623 24
8624 23
8625 24
8626 25
8627 25
8628 24
8629 24
8630 23
8631 23
8632 22
8633 23
8634 24
8635 24
8636 25
8637 24
8638 23
8639 22
8640 21
8641 22
8642 23
8643 24
8644 23
8645 22
8646 22
8647 21
8648 20
8649 21
8650 22
8651 23
8652 24
8653 24
8654 23
8655 22
8656 21
8657 22
8658 23
8659 24
8660 23
8661 24
8662 24
8663 23
8664 22
8665 23
8666 24
8667 23
8668 24
8669 24
8670 23
8671 24
8672 23
8673 24
8674 24
8675 23
8676 22
8677 23
8678 24
8679 24
8680 23
8681 24
8682 23
8683 24
8684 24
8685 23
8686 24
8687 23
8688 22
8689 23
8690 24
8691 25
8692 25
8693 24
8694 23
8695 22
8696 21
8697 22
8698 23
8699 24
8700 25
8701 25
8702 24
8703 23
8704 22
8705 23
8706 24
8707 25
8708 24
8709 24
8710 23
8711 22
8712 21
8713 22
8714 23
8715 24
8716 25
8717 25
8718 24
8719 23
8720 22
8721 23
8722 24
8723 24
8724 23
8725 24
8726 25
8727 24
8728 23
8729 24
8730 23
8731 24
8732 25
8733 26
8734 25
8735 24
8736 24
8737 25
8738 24
8739 23
8740 24
8741 25
8742 25
8743 26
8744 25
8745 24
8746 25
8747 25
8748 24
8749 24
8750 23
8751 22
8752 21
8753 22
8754 23
8755 22
8756 23
8757 23
8758 22
8759 21
8760 20
8761 21
8762 22
8763 23
8764 24
8765 24
8766 23
8767 22
8768 21
8769 22
8770 21
8771 22
8772 23
8773 23
8774 22
8775 21
8776 20
8777 21
8778 22
8779 22
8780 21
8781 22
8782 23
8783 22
8784 21
8785 22
8786 23
8787 23
8788 22
8789 23
8790 23
8791 23
8792 22
8793 23
8794 23
8795 22
8796 23
8797 24
8798 25
8799 24
8800 23
8801 24
8802 24
8803 24
8804 23
8805 22
8806 23
8807 24
8808 24
8809 24
8810 23
8811 23
8812 24
8813 25
8814 24
8815 23
8816 22
8817 23
8818 24
8819 23
8820 22
8821 23
8822 23
8823 22
8824 21
8825 22
8826 23
8827 24
8828 24
8829 23
8830 23
8831 23
8832 22
8833 23
8834 24
8835 24
8836 24
8837 23
8838 22
8839 22
8840 21
8841 22
8842 23
8843 24
8844 25
8845 24
8846 24
8847 23
8848 22
8849 22
8850 21
8851 22
8852 23
8853 22
8854 21
8855 20
8856 21
8857 22
8858 23
8859 22
8860 21
8861 21
8862 20
8863 21
8864 22
8865 22
8866 23
8867 22
8868 21
8869 22
8870 21
8871 22
8872 23
8873 23
8874 22
8875 22
8876 23
8877 24
8878 23
8879 22
8880 21
8881 22
8882 23
8883 22
8884 21
8885 20
8886 19
8887 20
8888 21
8889 22
8890 22
8891 21
8892 20
8893 21
8894 21
8895 20
8896 21
8897 20
8898 19
8899 20
8900 21
8901 22
8902 22
8903 21
8904 20
8905 20
8906 21
8907 22
8908 23
8909 22
8910 21
8911 22
8912 23
8913 24
8914 23
8915 22
8916 22
8917 23
8918 23
8919 22
8920 21
8921 21
8922 20
8923 21
8924 22
8925 22
8926 23
8927 22
8928 21
8929 22
8930 21
8931 22
8932 22
8933 21
8934 20
8935 21
8936 22
8937 23
8938 23
8939 22
8940 21
8941 22
8942 23
8943 24
8944 23
8945 22
8946 22
8947 23
8948 24
8949 24
8950 23
8951 24
8952 23
8953 23
8954 23
8955 22
8956 23
8957 22
8958 21
8959 22
8960 22
8961 23
8962 24
8963 23
8964 22
8965 23
8966 24
8967 23
8968 23
8969 22
8970 21
8971 22
8972 23
8973 23
8974 22
8975 22
8976 22
8977 23
8978 23
8979 22
8980 21
8981 22
8982 23
8983 24
8984 23
8985 22
8986 23
8987 24
8988 24
8989 24
8990 23
8991 24
8992 24
8993 23
8994 22
8995 22
8996 23
8997 24
8998 25
8999 24
9000 23
9001 24
9002 24
9003 24
9004 23
9005 22
9006 22
9007 23
9008 24
9009 23
9010 23
9011 24
9012 23
9013 24
9014 25
9015 24
9016 24
9017 24
9018 23
9019 22
9020 21
9021 22
9022 23
9023 23
9024 23
9025 22
9026 23
9027 24
9028 23
9029 22
9030 21
9031 22
9032 23
9033 24
9034 23
9035 22
9036 21
9037 22
9038 23
9039 23
9040 22
9041 21
9042 20
9043 21
9044 22
9045 22
9046 23
9047 22
9048 21
9049 22
9050 23
9051 24
9052 24
9053 23
9054 22
9055 22
9056 23
9057 24
9058 24
9059 24
9060 23
9061 24
9062 25
9063 24
9064 23
9065 22
9066 21
9067 22
9068 23
9069 24
9070 23
9071 23
9072 22
9073 23
9074 24
9075 24
9076 23
9077 22
9078 21
9079 22
9080 23
9081 24
9082 24
9083 23
9084 22
9085 23
9086 24
9087 24
9088 23
9089 24
9090 23
9091 24
9092 25
9093 25
9094 24
9095 23
9096 22
9097 23
9098 24
9099 23
9100 22
9101 21
9102 20
9103 21
9104 22
9105 22
9106 23
9107 22
9108 21
9109 22
9110 23
9111 23
9112 22
9113 21
9114 20
9115 21
9116 22
9117 23
9118 23
9119 22
9120 21
9121 22
9122 23
9123 24
9124 24
9125 23
9126 22
9127 23
9128 24
9129 24
9130 23
9131 24
9132 23
9133 24
9134 25
9135 24
9136 23
9137 22
9138 21
9139 22
9140 23
9141 24
9142 24
9143 23
9144 22
9145 22
9146 23
9147 24
9148 23
9149 22
9150 21
9151 22
9152 22
9153 23
9154 23
9155 22
9156 22
9157 23
9158 23
9159 22
9160 21
9161 22
9162 23
9163 24
9164 25
9165 24
9166 24
9167 23
9168 22
9169 23
9170 23
9171 24
9172 24
9173 23
9174 22
9175 23
9176 23
9177 24
9178 25
9179 24
9180 23
9181 24
9182 25
9183 25
9184 24
9185 23
9186 22
9187 23
9188 24
9189 25
9190 25
9191 24
9192 23
9193 24
9194 25
9195 24
9196 25
9197 25
9198 24
9199 24
9200 23
9201 24
9202 25
9203 26
9204 25
9205 24
9206 24
9207 23
9208 22
9209 23
9210 23
9211 24
9212 24
9213 25
9214 25
9215 24
9216 23
9217 24
9218 24
9219 23
9220 23
9221 24
9222 23
9223 23
9224 22
9225 23
9226 24
9227 25
9228 24
9229 24
9230 23
9231 24
9232 23
9233 24
9234 24
9235 23
9236 22
9237 23
9238 24
9239 24
9240 23
9241 24
9242 25
9243 25
9244 24
9245 24
9246 24
9247 25
9248 24
9249 23
9250 22
9251 21
9252 20
9253 21
9254 22
9255 22
9256 21
9257 20
9258 19
9259 20
9260 21
9261 22
9262 22
9263 21
9264 20
9265 21
9266 22
9267 23
9268 22
9269 22
9270 21
9271 22
9272 21
9273 22
9274 23
9275 22
9276 22
9277 23
9278 23
9279 22
9280 21
9281 21
9282 20
9283 21
9284 22
9285 22
9286 23
9287 22
9288 21
9289 22
9290 23
9291 23
9292 22
9293 21
9294 20
9295 21
9296 22
9297 23
9298 23
9299 22
9300 21
9301 22
9302 22
9303 21
9304 22
9305 22
9306 22
9307 23
9308 23
9309 23
9310 22
9311 23
9312 23
9313 24
9314 23
9315 22
9316 21
9317 20
9318 19
9319 20
9320 21
9321 22
9322 22
9323 21
9324 20
9325 21
9326 22
9327 22
9328 21
9329 20
9330 19
9331 20
9332 21
9333 22
9334 22
9335 21
9336 20
9337 21
9338 22
9339 23
9340 23
9341 22
9342 21
9343 22
9344 23
9345 23
9346 24
9347 23
9348 22
9349 23
9350 23
9351 23
9352 22
9353 21
9354 20
9355 21
9356 22
9357 23
9358 23
9359 22
9360 21
9361 22
9362 23
9363 23
9364 22
9365 21
9366 20
9367 21
9368 22
9369 23
9370 23
9371 22
9372 21
9373 22
9374 23
9375 24
9376 24
9377 23
9378 22
9379 23
9380 23
9381 24
9382 25
9383 24
9384 23
9385 24
9386 25
9387 24
9388 23
9389 22
9390 21
9391 22
9392 23
9393 24
9394 23
9395 22
9396 22
9397 23
9398 24
9399 24
9400 23
9401 22
9402 21
9403 22
9404 23
9405 22
9406 23
9407 23
9408 22
9409 23
9410 23
9411 24
9412 24
9413 24
9414 23
9415 23
9416 23
9417 24
9418 25
9419 24
9420 23
9421 24
9422 24
9423 25
9424 24
9425 23
9426 22
9427 23
9428 23
9429 24
9430 23
9431 24
9432 23
9433 24
9434 25
9435 24
9436 24
9437 23
9438 22
9439 23
9440 24
9441 25
9442 25
9443 24
9444 23
9445 24
9446 25
9447 26
9448 25
9449 25
9450 24
9451 25
9452 26
9453 26
9454 25
9455 24
9456 25
9457 25
9458 26
9459 25
9460 25
9461 24
9462 23
9463 24
9464 24
9465 24
9466 23
9467 22
9468 21
9469 22
9470 23
9471 23
9472 22
9473 21
9474 20
9475 21
9476 22
9477 23
9478 23
9479 22
9480 21
9481 22
9482 23
9483 24
9484 23
9485 22
9486 22
9487 23
9488 22
9489 23
9490 23
9491 22
9492 21
9493 22
9494 23
9495 22
9496 22
9497 22
9498 21
9499 22
9500 23
9501 24
9502 24
9503 23
9504 22
9505 22
9506 23
9507 23
9508 22
9509 22
9510 21
9511 22
9512 23
9513 23
9514 24
9515 23
9516 22
9517 23
9518 23
9519 22
9520 21
9521 22
9522 23
9523 24
9524 23
9525 22
9526 23
9527 24
9528 23
9529 22
9530 21
9531 22
9532 22
9533 21
9534 20
9535 21
9536 22
9537 23
9538 23
9539 22
9540 21
9541 22
9542 23
9543 23
9544 22
9545 21
9546 20
9547 21
9548 22
9549 23
9550 23
9551 22
9552 21
9553 22
9554 22
9555 21
9556 20
9557 21
9558 22
9559 22
9560 21
9561 22
9562 22
9563 23
9564 22
9565 23
9566 24
9567 23
9568 22
9569 22
9570 21
9571 22
9572 21
9573 22
9574 23
9575 23
9576 22
9577 23
9578 24
9579 24
9580 23
9581 22
9582 21
9583 22
9584 23
9585 24
9586 24
9587 23
9588 22
9589 23
9590 24
9591 24
9592 23
9593 24
9594 23
9595 24
9596 24
9597 23
9598 24
9599 24
9600 23
9601 24
9602 24
9603 23
9604 22
9605 22
9606 22
9607 23
9608 23
9609 24
9610 23
9611 23
9612 23
9613 24
9614 24
9615 23
9616 22
9617 23
9618 22
9619 22
9620 21
9621 22
9622 23
9623 23
9624 22
9625 23
9626 24
9627 24
9628 23
9629 24
9630 23
9631 24
9632 23
9633 24
9634 24
9635 23
9636 22
9637 23
9638 24
9639 23
9640 23
9641 24
9642 23
9643 24
9644 23
9645 22
9646 22
9647 23
9648 24
9649 24
9650 23
9651 24
9652 23
9653 23
9654 23
9655 22
9656 23
9657 24
9658 24
9659 23
9660 22
9661 23
9662 24
9663 24
9664 23
9665 24
9666 24
9667 23
9668 23
9669 24
9670 23
9671 23
9672 22
9673 23
9674 24
9675 24
9676 25
9677 25
9678 24
9679 24
9680 23
9681 24
9682 24
9683 23
9684 22
9685 23
9686 24
9687 24
9688 23
9689 22
9690 21
9691 22
9692 23
9693 24
9694 24
9695 23
9696 22
9697 23
9698 24
9699 24
9700 23
9701 24
9702 23
9703 24
9704 24
9705 24
9706 25
9707 25
9708 24
9709 23
9710 24
9711 25
9712 24
9713 23
9714 22
9715 23
9716 24
9717 25
9718 25
9719 24
9720 23
9721 24
9722 25
9723 25
9724 24
9725 23
9726 22
9727 23
9728 24
9729 24
9730 23
9731 24
9732 23
9733 24
9734 25
9735 24
9736 23
9737 24
9738 24
9739 25
9740 25
9741 25
9742 25
9743 24
9744 23
9745 24
9746 24
9747 23
9748 22
9749 22
9750 21
9751 22
9752 23
9753 24
9754 24
9755 23
9756 22
9757 23
9758 24
9759 23
9760 23
9761 22
9762 21
9763 22
9764 23
9765 24
9766 24
9767 23
9768 22
9769 23
9770 23
9771 24
9772 25
9773 24
9774 23
9775 24
9776 23
9777 24
9778 25
9779 24
9780 23
9781 24
9782 24
9783 23
9784 22
9785 23
9786 22
9787 23
9788 24
9789 25
9790 25
9791 24
9792 23
9793 24
9794 24
9795 23
9796 22
9797 23
9798 22
9799 23
9800 22
9801 23
9802 24
9803 24
9804 23
9805 24
9806 24
9807 23
9808 22
9809 23
9810 23
9811 22
9812 21
9813 22
9814 23
9815 23
9816 22
9817 23
9818 24
9819 24
9820 23
9821 24
9822 23
9823 24
9824 23
9825 24
9826 24
9827 23
9828 22
9829 23
9830 24
9831 23
9832 23
9833 24
9834 23
9835 24
9836 24
9837 23
9838 24
9839 23
9840 22
9841 23
9842 24
9843 23
9844 23
9845 24
9846 24
9847 24
9848 23
9849 23
9850 24
9851 25
9852 24
9853 25
9854 24
9855 23
9856 22
9857 23
9858 24
9859 24
9860 23
9861 24
9862 24
9863 23
9864 23
9865 24
9866 24
9867 23
9868 24
9869 25
9870 24
9871 24
9872 23
9873 24
9874 23
9875 22
9876 22
9877 23
9878 23
9879 22
9880 21
9881 22
9882 23
9883 24
9884 23
9885 22
9886 23
9887 24
9888 24
9889 24
9890 23
9891 23
9892 23
9893 22
9894 21
9895 20
9896 21
9897 22
9898 22
9899 22
9900 21
9901 22
9902 23
9903 22
9904 21
9905 20
9906 21
9907 22
9908 23
9909 22
9910 21
9911 22
9912 22
9913 23
9914 23
9915 22
9916 23
9917 24
9918 23
9919 22
9920 21
9921 22
9922 23
9923 24
9924 23
9925 22
9926 23
9927 24
9928 23
9929 22
9930 21
9931 22
9932 23
9933 23
9934 23
9935 22
9936 23
9937 24
9938 24
9939 23
9940 22
9941 23
9942 23
9943 24
9944 23
9945 22
9946 23
9947 23
9948 24
9949 24
9950 23
9951 24
9952 24
9953 23
9954 22
9955 22
9956 23
9957 24
9958 25
9959 24
9960 23
9961 23
9962 24
9963 25
9964 24
9965 23
9966 22
9967 23
9968 24
9969 24
9970 23
9971 24
9972 23
9973 24
9974 23
9975 22
9976 23
9977 23
9978 22
9979 22
9980 21
9981 22
9982 22
9983 23
9984 23
9985 22
9986 23
9987 23
9988 22
9989 21
9990 22
9991 23
9992 24
9993 24
9994 23
9995 22
9996 22
9997 23
9998 24
9999 24
10000 23
